Tiempoinicio,col1,col2,col3,col4,col5,col6,col7,col8
2015-10-06 00:00:00,0.0,3.01,-1.01,-4.95,-0.0,-4.97,-1.01,-2.08
2015-10-06 00:00:10,-0.0,2.95,-0.99,-5.09,-0.0,-5.04,-1.02,-1.98
2015-10-06 00:00:20,-0.0,2.92,-0.99,-5.04,-0.0,-4.99,-0.99,-2.02
2015-10-06 00:00:30,-0.0,2.91,-1.0,-5.35,-0.1,-4.97,-0.97,-1.97
2015-10-06 00:00:40,-0.0,2.84,-0.98,-5.3,-0.1,-5.0,-0.99,-1.95
2015-10-06 00:00:50,-0.0,2.81,-0.99,-5.03,-0.1,-4.96,-0.98,-1.96
2015-10-06 00:01:00,-0.0,2.76,-0.97,-4.52,-0.0,-5.0,-0.97,-1.97
2015-10-06 00:01:10,-0.0,2.75,-0.97,-4.91,-0.1,-4.94,-0.95,-2.08
2015-10-06 00:01:20,-0.0,2.69,-0.97,-4.91,-0.2,-4.94,-0.95,-1.9
2015-10-06 00:01:30,-0.0,2.67,-0.97,-4.28,-0.2,-4.94,-0.96,-1.84
2015-10-06 00:01:40,-0.0,2.62,-0.93,-4.35,-0.2,-4.91,-0.95,-1.9
2015-10-06 00:01:50,-0.0,2.57,-0.91,-4.36,-0.2,-4.96,-0.91,-1.81
2015-10-06 00:02:00,-0.0,2.51,-0.9,-3.75,-0.2,-4.93,-0.92,-1.82
2015-10-06 00:02:10,-0.0,2.5,-0.89,-4.51,-0.2,-4.99,-0.89,-1.86
2015-10-06 00:02:20,-0.0,2.48,-0.9,-3.73,-0.3,-4.89,-0.88,-1.79
2015-10-06 00:02:30,-0.0,2.44,-0.87,-3.54,-0.2,-4.88,-0.87,-1.73
2015-10-06 00:02:40,-0.0,2.42,-0.85,-3.61,-0.3,-4.79,-0.87,-1.64
2015-10-06 00:02:50,-0.0,2.35,-0.82,-4.17,-0.3,-4.73,-0.82,-1.74
2015-10-06 00:03:00,-0.0,2.34,-0.82,-3.44,-0.4,-4.79,-0.81,-1.68
2015-10-06 00:03:10,-0.0,2.31,-0.78,-3.53,-0.4,-4.78,-0.81,-1.6
2015-10-06 00:03:20,-0.0,2.26,-0.76,-3.08,-0.4,-4.75,-0.78,-1.63
2015-10-06 00:03:30,-0.0,2.22,-0.72,-2.38,-0.4,-4.7,-0.76,-1.55
2015-10-06 00:03:40,-0.0,2.21,-0.72,-2.96,-0.4,-4.77,-0.74,-1.47
2015-10-06 00:03:50,-0.0,2.18,-0.67,-2.48,-0.4,-4.64,-0.68,-1.33
2015-10-06 00:04:00,-0.0,2.12,-0.66,-2.86,-0.4,-4.65,-0.67,-1.35
2015-10-06 00:04:10,-0.0,2.1,-0.64,-2.49,-0.4,-4.66,-0.64,-1.35
2015-10-06 00:04:20,-0.0,2.04,-0.62,-1.67,-0.4,-4.63,-0.62,-1.34
2015-10-06 00:04:30,-0.0,2.02,-0.61,-1.93,-0.5,-4.55,-0.6,-1.14
2015-10-06 00:04:40,-1.0,2.0,-0.54,-1.53,-0.6,-4.51,-0.55,-1.2
2015-10-06 00:04:50,-1.0,1.96,-0.56,-1.45,-0.5,-4.49,-0.57,-1.27
2015-10-06 00:05:00,-0.0,1.92,-0.5,-1.28,-0.5,-4.43,-0.52,-1.17
2015-10-06 00:05:10,-1.0,1.89,-0.48,-1.16,-0.6,-4.42,-0.48,-1.08
2015-10-06 00:05:20,-1.0,1.86,-0.45,-0.68,-0.6,-4.37,-0.45,-0.97
2015-10-06 00:05:30,-1.0,1.84,-0.38,-0.52,-0.6,-4.36,-0.39,-0.82
2015-10-06 00:05:40,-1.0,1.83,-0.39,-0.66,-0.5,-4.36,-0.39,-0.83
2015-10-06 00:05:50,-1.0,1.76,-0.37,-0.35,-0.7,-4.24,-0.36,-0.71
2015-10-06 00:06:00,-1.0,1.74,-0.34,-0.01,-0.6,-4.21,-0.31,-0.86
2015-10-06 00:06:10,-1.0,1.73,-0.29,0.56,-0.6,-4.24,-0.26,-0.78
2015-10-06 00:06:20,-1.0,1.68,-0.26,0.4,-0.7,-4.16,-0.27,-0.73
2015-10-06 00:06:30,-1.0,1.66,-0.22,0.35,-0.7,-4.1,-0.23,-0.67
2015-10-06 00:06:40,-1.0,1.67,-0.18,0.57,-0.7,-4.03,-0.19,-0.51
2015-10-06 00:06:50,-1.0,1.59,-0.15,0.76,-0.7,-3.97,-0.14,-0.41
2015-10-06 00:07:00,-1.0,1.59,-0.11,0.59,-0.7,-3.94,-0.09,-0.37
2015-10-06 00:07:10,-1.0,1.52,-0.07,1.39,-0.8,-3.88,-0.07,-0.38
2015-10-06 00:07:20,-1.0,1.54,-0.04,1.43,-0.8,-3.82,-0.06,-0.37
2015-10-06 00:07:30,-1.0,1.5,-0.01,1.54,-0.7,-3.84,-0.02,-0.37
2015-10-06 00:07:40,-1.0,1.48,0.02,2.06,-0.7,-3.75,0.02,-0.25
2015-10-06 00:07:50,-1.0,1.44,0.03,1.89,-0.7,-3.63,0.06,-0.23
2015-10-06 00:08:00,-1.0,1.43,0.1,2.17,-0.8,-3.68,0.09,-0.27
2015-10-06 00:08:10,-1.0,1.41,0.14,1.85,-0.8,-3.59,0.15,-0.19
2015-10-06 00:08:20,-1.0,1.37,0.15,2.18,-0.8,-3.54,0.15,-0.19
2015-10-06 00:08:30,-1.0,1.36,0.2,2.24,-0.8,-3.46,0.19,-0.17
2015-10-06 00:08:40,-1.0,1.32,0.24,2.56,-0.8,-3.49,0.24,-0.05
2015-10-06 00:08:50,-1.0,1.31,0.26,2.82,-0.8,-3.36,0.27,-0.16
2015-10-06 00:09:00,-1.0,1.29,0.29,2.76,-0.9,-3.32,0.28,-0.17
2015-10-06 00:09:10,-1.0,1.28,0.33,2.59,-0.8,-3.22,0.35,-0.1
2015-10-06 00:09:20,-1.0,1.25,0.35,3.16,-0.9,-3.17,0.37,-0.06
2015-10-06 00:09:30,-1.0,1.22,0.39,2.47,-0.9,-3.12,0.4,0.04
2015-10-06 00:09:40,-1.0,1.23,0.42,2.79,-0.8,-3.05,0.43,-0.01
2015-10-06 00:09:50,-1.0,1.2,0.45,3.13,-0.9,-3.02,0.44,0.04
2015-10-06 00:10:00,-1.0,1.17,0.47,2.96,-0.9,-2.87,0.48,0.02
2015-10-06 00:10:10,-1.0,1.18,0.53,2.54,-1.0,-2.87,0.54,0.01
2015-10-06 00:10:20,-1.0,1.14,0.55,3.16,-0.9,-2.74,0.56,-0.0
2015-10-06 00:10:30,-1.0,1.14,0.56,3.23,-0.9,-2.7,0.57,-0.07
2015-10-06 00:10:40,-1.0,1.14,0.58,2.56,-0.9,-2.69,0.61,-0.0
2015-10-06 00:10:50,-1.0,1.13,0.62,3.63,-1.0,-2.63,0.63,-0.12
2015-10-06 00:11:00,-1.0,1.1,0.65,3.19,-0.9,-2.56,0.67,-0.06
2015-10-06 00:11:10,-1.0,1.11,0.68,3.38,-0.9,-2.52,0.69,0.04
2015-10-06 00:11:20,-1.0,1.08,0.68,3.41,-1.0,-2.43,0.7,0.01
2015-10-06 00:11:30,-1.0,1.08,0.73,3.03,-1.0,-2.33,0.73,-0.06
2015-10-06 00:11:40,-1.0,1.06,0.75,2.11,-1.0,-2.26,0.76,-0.03
2015-10-06 00:11:50,-1.0,1.04,0.75,2.45,-1.0,-2.18,0.78,-0.07
2015-10-06 00:12:00,-1.0,1.03,0.8,2.67,-1.0,-2.08,0.82,-0.16
2015-10-06 00:12:10,-1.0,1.04,0.82,2.46,-1.0,-2.04,0.82,-0.13
2015-10-06 00:12:20,-1.0,1.02,0.83,2.53,-1.0,-1.91,0.84,-0.04
2015-10-06 00:12:30,-1.0,1.03,0.85,2.41,-1.0,-1.9,0.87,-0.31
2015-10-06 00:12:40,-1.0,1.01,0.85,2.23,-1.0,-1.84,0.9,-0.3
2015-10-06 00:12:50,-1.0,1.03,0.88,2.12,-1.0,-1.79,0.89,-0.21
2015-10-06 00:13:00,-1.0,1.0,0.91,1.57,-1.0,-1.7,0.9,-0.34
2015-10-06 00:13:10,-1.0,1.0,0.91,1.91,-0.9,-1.61,0.96,-0.36
2015-10-06 00:13:20,-1.0,1.01,0.91,1.63,-1.0,-1.48,0.94,-0.52
2015-10-06 00:13:30,-1.0,0.97,0.95,1.06,-1.1,-1.37,0.92,-0.39
2015-10-06 00:13:40,-1.0,0.98,0.96,1.18,-1.0,-1.42,0.93,-0.48
2015-10-06 00:13:50,-1.0,1.01,0.94,1.35,-1.0,-1.3,0.96,-0.49
2015-10-06 00:14:00,-1.0,1.01,0.97,1.47,-1.0,-1.31,0.96,-0.6
2015-10-06 00:14:10,-1.0,1.02,0.98,0.82,-1.0,-1.17,0.98,-0.65
2015-10-06 00:14:20,-1.0,1.0,1.0,0.54,-1.0,-1.1,0.99,-0.65
2015-10-06 00:14:30,-1.0,1.01,0.97,0.17,-1.0,-1.06,1.0,-0.58
2015-10-06 00:14:40,-1.0,1.0,0.99,0.27,-1.0,-0.9,0.97,-0.68
2015-10-06 00:14:50,-1.0,1.03,1.02,0.38,-1.0,-0.81,1.0,-0.73
2015-10-06 00:15:00,-1.0,1.02,1.01,-0.17,-0.9,-0.79,1.01,-0.72
2015-10-06 00:15:10,-1.0,1.01,1.0,-1.02,-1.0,-0.68,1.0,-0.82
2015-10-06 00:15:20,-1.0,1.02,0.99,-0.24,-0.9,-0.62,1.01,-0.96
2015-10-06 00:15:30,-1.0,1.04,1.02,-0.76,-1.0,-0.51,1.02,-1.02
2015-10-06 00:15:40,-1.0,1.04,1.01,-1.23,-1.0,-0.46,1.02,-1.07
2015-10-06 00:15:50,-1.0,1.07,0.99,-1.37,-1.0,-0.37,0.97,-1.1
2015-10-06 00:16:00,-1.0,1.05,0.98,-1.64,-1.0,-0.34,0.99,-0.99
2015-10-06 00:16:10,-1.0,1.07,0.97,-1.96,-1.0,-0.26,0.99,-1.19
2015-10-06 00:16:20,-1.0,1.08,0.99,-1.89,-1.0,-0.11,1.01,-1.26
2015-10-06 00:16:30,-1.0,1.06,0.94,-2.0,-0.9,-0.06,0.96,-1.27
2015-10-06 00:16:40,-1.0,1.1,0.94,-1.99,-0.9,-0.02,0.95,-1.28
2015-10-06 00:16:50,-1.0,1.12,0.93,-2.18,-0.9,0.12,0.97,-1.4
2015-10-06 00:17:00,-1.0,1.1,0.94,-2.43,-1.0,0.19,0.94,-1.34
2015-10-06 00:17:10,-1.0,1.13,0.91,-3.03,-0.9,0.26,0.9,-1.38
2015-10-06 00:17:20,-1.0,1.18,0.89,-3.14,-0.9,0.34,0.89,-1.47
2015-10-06 00:17:30,-1.0,1.17,0.88,-3.08,-0.9,0.46,0.89,-1.54
2015-10-06 00:17:40,-1.0,1.19,0.87,-3.13,-1.0,0.5,0.88,-1.6
2015-10-06 00:17:50,-1.0,1.16,0.86,-3.34,-0.9,0.6,0.83,-1.57
2015-10-06 00:18:00,-1.0,1.2,0.81,-3.3,-0.9,0.63,0.82,-1.72
2015-10-06 00:18:10,-1.0,1.24,0.81,-3.82,-0.9,0.77,0.82,-1.5
2015-10-06 00:18:20,-1.0,1.26,0.77,-4.35,-0.8,0.73,0.81,-1.81
2015-10-06 00:18:30,-1.0,1.28,0.79,-3.78,-0.9,0.88,0.76,-1.78
2015-10-06 00:18:40,-1.0,1.28,0.74,-4.23,-0.9,0.92,0.75,-1.83
2015-10-06 00:18:50,-1.0,1.31,0.71,-4.29,-0.8,0.96,0.71,-1.82
2015-10-06 00:19:00,-1.0,1.32,0.7,-4.28,-0.8,1.08,0.69,-1.95
2015-10-06 00:19:10,-1.0,1.35,0.69,-4.57,-0.8,1.19,0.66,-1.91
2015-10-06 00:19:20,-1.0,1.34,0.63,-4.48,-0.8,1.27,0.66,-1.94
2015-10-06 00:19:30,-1.0,1.37,0.61,-4.65,-0.8,1.37,0.59,-1.98
2015-10-06 00:19:40,-1.0,1.4,0.57,-4.44,-0.8,1.44,0.58,-2.02
2015-10-06 00:19:50,-1.0,1.44,0.55,-4.62,-0.8,1.54,0.59,-2.03
2015-10-06 00:20:00,-1.0,1.46,0.54,-5.05,-0.8,1.57,0.56,-1.92
2015-10-06 00:20:10,-1.0,1.47,0.5,-5.24,-0.7,1.64,0.51,-2.07
2015-10-06 00:20:20,-1.0,1.52,0.46,-4.86,-0.7,1.7,0.49,-1.96
2015-10-06 00:20:30,-1.0,1.53,0.44,-5.41,-0.8,1.77,0.44,-1.92
2015-10-06 00:20:40,-1.0,1.56,0.43,-5.31,-0.7,1.81,0.4,-1.96
2015-10-06 00:20:50,-1.0,1.6,0.37,-5.47,-0.7,1.97,0.38,-1.89
2015-10-06 00:21:00,-1.0,1.61,0.32,-5.23,-0.7,2.05,0.37,-2.03
2015-10-06 00:21:10,-1.0,1.66,0.31,-4.57,-0.7,2.08,0.31,-1.89
2015-10-06 00:21:20,-1.0,1.69,0.26,-5.0,-0.7,2.2,0.28,-2.0
2015-10-06 00:21:30,-1.0,1.7,0.26,-4.9,-0.6,2.23,0.26,-1.94
2015-10-06 00:21:40,-1.0,1.72,0.2,-4.8,-0.7,2.25,0.23,-1.96
2015-10-06 00:21:50,-1.0,1.75,0.16,-4.78,-0.7,2.32,0.17,-1.91
2015-10-06 00:22:00,-1.0,1.79,0.13,-4.8,-0.6,2.41,0.14,-1.92
2015-10-06 00:22:10,-1.0,1.84,0.14,-4.92,-0.6,2.44,0.12,-1.88
2015-10-06 00:22:20,-1.0,1.84,0.08,-4.69,-0.6,2.58,0.1,-1.95
2015-10-06 00:22:30,-1.0,1.88,0.03,-4.75,-0.5,2.67,0.05,-1.87
2015-10-06 00:22:40,-1.0,1.93,-0.02,-4.75,-0.6,2.65,0.0,-1.86
2015-10-06 00:22:50,-1.0,1.96,-0.02,-4.04,-0.5,2.74,-0.03,-1.8
2015-10-06 00:23:00,-1.0,1.98,-0.06,-4.02,-0.5,2.84,-0.05,-1.71
2015-10-06 00:23:10,-1.0,1.99,-0.08,-3.94,-0.5,2.89,-0.09,-1.81
2015-10-06 00:23:20,-0.0,2.05,-0.14,-4.02,-0.5,2.94,-0.11,-1.82
2015-10-06 00:23:30,-1.0,2.08,-0.15,-3.75,-0.5,3.01,-0.17,-1.64
2015-10-06 00:23:40,-0.0,2.1,-0.2,-3.09,-0.5,3.11,-0.2,-1.67
2015-10-06 00:23:50,-0.0,2.13,-0.28,-3.43,-0.5,3.1,-0.23,-1.56
2015-10-06 00:24:00,-0.0,2.19,-0.25,-3.94,-0.4,3.18,-0.28,-1.61
2015-10-06 00:24:10,-0.0,2.22,-0.31,-3.02,-0.4,3.28,-0.27,-1.57
2015-10-06 00:24:20,-0.0,2.24,-0.35,-2.78,-0.4,3.32,-0.32,-1.45
2015-10-06 00:24:30,-0.0,2.29,-0.36,-2.75,-0.4,3.31,-0.35,-1.67
2015-10-06 00:24:40,-0.0,2.31,-0.42,-2.7,-0.4,3.49,-0.4,-1.39
2015-10-06 00:24:50,-0.0,2.39,-0.43,-2.1,-0.4,3.51,-0.44,-1.44
2015-10-06 00:25:00,-0.0,2.4,-0.47,-1.99,-0.3,3.55,-0.46,-1.33
2015-10-06 00:25:10,-0.0,2.4,-0.48,-2.18,-0.3,3.64,-0.49,-1.23
2015-10-06 00:25:20,-0.0,2.46,-0.52,-1.99,-0.2,3.66,-0.51,-1.1
2015-10-06 00:25:30,-0.0,2.49,-0.54,-2.02,-0.3,3.72,-0.55,-1.2
2015-10-06 00:25:40,-0.0,2.55,-0.6,-1.3,-0.2,3.76,-0.55,-1.15
2015-10-06 00:25:50,-0.0,2.59,-0.61,-1.14,-0.2,3.85,-0.59,-1.13
2015-10-06 00:26:00,-0.0,2.59,-0.65,-1.26,-0.2,3.84,-0.63,-1.08
2015-10-06 00:26:10,-0.0,2.66,-0.67,-0.84,-0.2,3.89,-0.65,-1.05
2015-10-06 00:26:20,-0.0,2.69,-0.7,-0.51,-0.2,3.98,-0.7,-0.86
2015-10-06 00:26:30,-0.0,2.72,-0.7,-0.37,-0.1,4.0,-0.72,-0.85
2015-10-06 00:26:40,-0.0,2.73,-0.74,-0.86,-0.2,4.04,-0.72,-0.91
2015-10-06 00:26:50,-0.0,2.77,-0.76,0.39,-0.1,4.13,-0.76,-0.84
2015-10-06 00:27:00,-0.0,2.85,-0.76,0.04,-0.0,4.17,-0.78,-0.62
2015-10-06 00:27:10,-0.0,2.88,-0.8,0.52,-0.1,4.18,-0.82,-0.68
2015-10-06 00:27:20,-0.0,2.9,-0.82,0.39,-0.1,4.24,-0.81,-0.6
2015-10-06 00:27:30,-0.0,2.94,-0.81,0.9,-0.0,4.32,-0.84,-0.69
2015-10-06 00:27:40,-0.0,2.98,-0.86,0.36,-0.0,4.27,-0.85,-0.57
2015-10-06 00:27:50,-0.0,2.99,-0.88,1.09,0.0,4.34,-0.9,-0.41
2015-10-06 00:28:00,0.0,3.04,-0.92,1.35,0.0,4.47,-0.89,-0.34
2015-10-06 00:28:10,0.0,3.09,-0.91,1.42,0.0,4.42,-0.92,-0.36
2015-10-06 00:28:20,0.0,3.15,-0.93,2.06,0.1,4.47,-0.9,-0.36
2015-10-06 00:28:30,0.0,3.13,-0.92,1.72,0.1,4.47,-0.91,-0.4
2015-10-06 00:28:40,0.0,3.22,-0.94,1.74,0.1,4.47,-0.95,-0.34
2015-10-06 00:28:50,0.0,3.25,-0.96,2.13,0.2,4.54,-0.96,-0.32
2015-10-06 00:29:00,0.0,3.29,-0.99,2.07,0.1,4.58,-0.96,-0.24
2015-10-06 00:29:10,0.0,3.34,-0.97,2.25,0.1,4.6,-0.98,-0.23
2015-10-06 00:29:20,0.0,3.37,-0.98,2.05,0.2,4.69,-0.99,-0.22
2015-10-06 00:29:30,0.0,3.41,-0.97,2.1,0.2,4.66,-1.0,-0.11
2015-10-06 00:29:40,0.0,3.42,-0.99,2.36,0.2,4.73,-0.97,-0.12
2015-10-06 00:29:50,0.0,3.46,-1.0,2.82,0.2,4.66,-1.02,-0.14
2015-10-06 00:30:00,0.0,3.53,-1.0,2.94,0.2,4.78,-1.0,-0.21
2015-10-06 00:30:10,0.0,3.54,-1.0,2.95,0.3,4.85,-0.98,-0.03
2015-10-06 00:30:20,0.0,3.58,-1.02,2.9,0.3,4.83,-1.01,-0.07
2015-10-06 00:30:30,0.0,3.62,-1.0,3.03,0.3,4.78,-1.0,0.06
2015-10-06 00:30:40,0.0,3.64,-1.01,2.98,0.3,4.91,-1.0,0.06
2015-10-06 00:30:50,0.0,3.68,-1.01,2.64,0.3,4.87,-0.98,0.04
2015-10-06 00:31:00,0.0,3.73,-0.97,3.25,0.3,4.88,-0.99,0.0
2015-10-06 00:31:10,0.0,3.77,-0.97,2.69,0.4,4.92,-0.97,0.06
2015-10-06 00:31:20,0.0,3.79,-0.96,2.61,0.4,4.94,-0.99,-0.04
2015-10-06 00:31:30,0.0,3.81,-0.97,3.33,0.4,4.97,-0.97,-0.05
2015-10-06 00:31:40,0.0,3.86,-0.97,2.73,0.4,4.89,-0.98,-0.12
2015-10-06 00:31:50,0.0,3.88,-0.94,2.97,0.5,4.94,-0.98,0.05
2015-10-06 00:32:00,0.0,3.93,-0.93,2.79,0.4,4.99,-0.93,0.07
2015-10-06 00:32:10,1.0,3.97,-0.91,2.79,0.5,4.99,-0.92,-0.05
2015-10-06 00:32:20,0.0,3.99,-0.9,2.96,0.4,4.92,-0.9,-0.05
2015-10-06 00:32:30,1.0,4.03,-0.88,2.31,0.5,4.95,-0.88,-0.19
2015-10-06 00:32:40,1.0,4.04,-0.91,2.5,0.6,5.03,-0.91,-0.0
2015-10-06 00:32:50,1.0,4.09,-0.85,2.51,0.6,5.03,-0.86,-0.16
2015-10-06 00:33:00,1.0,4.12,-0.86,2.5,0.6,4.97,-0.85,-0.09
2015-10-06 00:33:10,1.0,4.15,-0.84,2.49,0.5,4.97,-0.84,-0.09
2015-10-06 00:33:20,1.0,4.19,-0.82,2.11,0.6,5.01,-0.79,-0.06
2015-10-06 00:33:30,1.0,4.19,-0.79,1.91,0.6,4.97,-0.78,-0.24
2015-10-06 00:33:40,1.0,4.24,-0.75,1.83,0.7,5.03,-0.75,-0.22
2015-10-06 00:33:50,1.0,4.29,-0.75,1.78,0.6,5.02,-0.75,-0.3
2015-10-06 00:34:00,1.0,4.27,-0.7,1.73,0.6,4.92,-0.71,-0.19
2015-10-06 00:34:10,1.0,4.32,-0.7,1.19,0.6,4.94,-0.66,-0.33
2015-10-06 00:34:20,1.0,4.36,-0.67,1.35,0.7,4.97,-0.68,-0.44
2015-10-06 00:34:30,1.0,4.38,-0.66,1.4,0.7,5.05,-0.64,-0.4
2015-10-06 00:34:40,1.0,4.4,-0.63,1.63,0.7,4.96,-0.6,-0.42
2015-10-06 00:34:50,1.0,4.43,-0.58,0.9,0.7,4.93,-0.61,-0.51
2015-10-06 00:35:00,1.0,4.48,-0.57,0.51,0.8,4.95,-0.57,-0.58
2015-10-06 00:35:10,1.0,4.49,-0.54,0.49,0.8,4.9,-0.52,-0.69
2015-10-06 00:35:20,1.0,4.49,-0.47,0.17,0.7,4.89,-0.5,-0.65
2015-10-06 00:35:30,1.0,4.55,-0.45,0.01,0.8,4.86,-0.47,-0.77
2015-10-06 00:35:40,1.0,4.57,-0.44,-0.35,0.8,4.96,-0.44,-0.68
2015-10-06 00:35:50,1.0,4.6,-0.4,-0.66,0.8,4.85,-0.42,-0.86
2015-10-06 00:36:00,1.0,4.6,-0.39,-0.58,0.8,4.8,-0.39,-0.85
2015-10-06 00:36:10,1.0,4.61,-0.33,-0.76,0.8,4.82,-0.36,-0.86
2015-10-06 00:36:20,1.0,4.66,-0.31,-0.76,0.9,4.78,-0.31,-0.99
2015-10-06 00:36:30,1.0,4.67,-0.27,-0.89,0.8,4.76,-0.29,-1.11
2015-10-06 00:36:40,1.0,4.7,-0.24,-1.01,0.9,4.76,-0.24,-1.17
2015-10-06 00:36:50,1.0,4.72,-0.21,-1.82,0.8,4.72,-0.21,-1.07
2015-10-06 00:37:00,1.0,4.75,-0.17,-1.59,0.9,4.65,-0.17,-1.04
2015-10-06 00:37:10,1.0,4.76,-0.13,-1.47,0.9,4.65,-0.15,-1.22
2015-10-06 00:37:20,1.0,4.78,-0.13,-2.06,0.9,4.7,-0.12,-1.28
2015-10-06 00:37:30,1.0,4.81,-0.08,-2.21,0.9,4.61,-0.06,-1.29
2015-10-06 00:37:40,1.0,4.79,-0.04,-2.68,0.8,4.61,-0.02,-1.25
2015-10-06 00:37:50,1.0,4.82,-0.01,-2.28,0.9,4.54,0.02,-1.34
2015-10-06 00:38:00,1.0,4.85,0.02,-3.3,0.9,4.48,0.04,-1.4
2015-10-06 00:38:10,1.0,4.85,0.07,-3.01,0.9,4.49,0.05,-1.52
2015-10-06 00:38:20,1.0,4.86,0.08,-3.28,0.9,4.48,0.11,-1.62
2015-10-06 00:38:30,1.0,4.86,0.14,-3.21,0.9,4.43,0.13,-1.5
2015-10-06 00:38:40,1.0,4.86,0.17,-3.77,1.0,4.35,0.18,-1.66
2015-10-06 00:38:50,1.0,4.91,0.22,-3.48,1.0,4.39,0.23,-1.68
2015-10-06 00:39:00,1.0,4.93,0.24,-3.56,1.0,4.3,0.25,-1.76
2015-10-06 00:39:10,1.0,4.91,0.27,-4.46,1.0,4.24,0.26,-1.8
2015-10-06 00:39:20,1.0,4.92,0.31,-4.21,1.0,4.29,0.31,-1.75
2015-10-06 00:39:30,1.0,4.92,0.32,-4.74,1.0,4.19,0.35,-1.82
2015-10-06 00:39:40,1.0,4.96,0.38,-3.8,1.0,4.09,0.35,-1.89
2015-10-06 00:39:50,1.0,4.94,0.39,-4.34,1.0,4.12,0.39,-1.82
2015-10-06 00:40:00,1.0,4.96,0.4,-4.87,1.0,3.98,0.42,-1.92
2015-10-06 00:40:10,1.0,4.96,0.47,-4.65,1.0,3.95,0.47,-1.95
2015-10-06 00:40:20,1.0,4.97,0.53,-4.84,1.0,4.01,0.49,-1.89
2015-10-06 00:40:30,1.0,4.98,0.52,-4.58,0.9,3.99,0.5,-2.03
2015-10-06 00:40:40,1.0,4.99,0.56,-4.99,1.0,3.86,0.53,-1.94
2015-10-06 00:40:50,1.0,4.99,0.58,-5.46,1.0,3.82,0.55,-1.98
2015-10-06 00:41:00,1.0,5.0,0.63,-4.64,1.0,3.73,0.59,-2.03
2015-10-06 00:41:10,1.0,5.0,0.63,-4.91,1.0,3.75,0.63,-1.97
2015-10-06 00:41:20,1.0,5.02,0.66,-5.29,1.0,3.66,0.65,-1.99
2015-10-06 00:41:30,1.0,5.0,0.69,-5.21,1.0,3.58,0.68,-1.94
2015-10-06 00:41:40,1.0,4.98,0.68,-4.81,1.0,3.48,0.71,-2.03
2015-10-06 00:41:50,1.0,5.04,0.74,-4.91,0.9,3.46,0.69,-2.01
2015-10-06 00:42:00,1.0,4.98,0.72,-5.06,1.0,3.41,0.76,-2.0
2015-10-06 00:42:10,1.0,5.0,0.78,-5.0,1.0,3.36,0.79,-2.0
2015-10-06 00:42:20,1.0,4.98,0.78,-4.93,1.0,3.3,0.83,-1.85
2015-10-06 00:42:30,1.0,4.99,0.81,-4.89,1.0,3.24,0.86,-1.95
2015-10-06 00:42:40,1.0,4.99,0.84,-4.83,1.0,3.13,0.84,-1.95
2015-10-06 00:42:50,1.0,4.99,0.84,-4.81,1.0,3.17,0.88,-1.92
2015-10-06 00:43:00,1.0,4.97,0.87,-4.34,1.0,3.05,0.87,-1.91
2015-10-06 00:43:10,1.0,4.95,0.89,-4.87,1.0,2.97,0.88,-1.95
2015-10-06 00:43:20,1.0,4.98,0.9,-4.32,1.0,2.89,0.92,-1.83
2015-10-06 00:43:30,1.0,4.98,0.92,-4.32,1.0,2.95,0.93,-1.89
2015-10-06 00:43:40,1.0,4.95,0.94,-3.77,0.9,2.82,0.94,-1.82
2015-10-06 00:43:50,1.0,4.95,0.95,-4.36,1.0,2.78,0.96,-1.83
2015-10-06 00:44:00,1.0,4.93,0.97,-4.1,1.0,2.65,0.97,-1.75
2015-10-06 00:44:10,1.0,4.92,0.97,-4.01,1.0,2.57,0.95,-1.72
2015-10-06 00:44:20,1.0,4.89,0.97,-3.83,1.0,2.52,0.97,-1.6
2015-10-06 00:44:30,1.0,4.9,0.98,-3.46,1.0,2.5,0.99,-1.62
2015-10-06 00:44:40,1.0,4.89,0.99,-3.3,0.9,2.4,1.0,-1.62
2015-10-06 00:44:50,1.0,4.87,0.98,-2.95,0.9,2.34,1.0,-1.66
2015-10-06 00:45:00,1.0,4.85,0.99,-3.14,1.0,2.3,1.02,-1.53
2015-10-06 00:45:10,1.0,4.84,1.01,-2.71,0.9,2.18,1.0,-1.58
2015-10-06 00:45:20,1.0,4.83,1.0,-2.97,0.9,2.1,0.99,-1.39
2015-10-06 00:45:30,1.0,4.81,1.01,-2.06,0.9,2.05,1.0,-1.39
2015-10-06 00:45:40,1.0,4.78,1.03,-2.39,0.9,1.97,1.01,-1.37
2015-10-06 00:45:50,1.0,4.76,0.98,-2.22,0.8,1.89,1.02,-1.32
2015-10-06 00:46:00,1.0,4.72,1.0,-2.02,0.9,1.85,0.98,-1.25
2015-10-06 00:46:10,1.0,4.72,0.98,-1.69,0.9,1.8,1.01,-1.19
2015-10-06 00:46:20,1.0,4.75,0.98,-1.87,0.8,1.67,1.0,-1.09
2015-10-06 00:46:30,1.0,4.69,0.97,-0.88,0.9,1.57,0.99,-1.04
2015-10-06 00:46:40,1.0,4.7,0.96,-1.49,0.8,1.56,0.99,-1.08
2015-10-06 00:46:50,1.0,4.65,0.93,-1.16,0.9,1.43,0.96,-1.12
2015-10-06 00:47:00,1.0,4.64,0.93,-0.98,0.9,1.41,0.94,-0.87
2015-10-06 00:47:10,1.0,4.62,0.92,-0.7,0.8,1.3,0.96,-0.96
2015-10-06 00:47:20,1.0,4.59,0.91,-0.22,0.8,1.2,0.94,-0.82
2015-10-06 00:47:30,1.0,4.57,0.89,-0.9,0.8,1.09,0.89,-0.79
2015-10-06 00:47:40,1.0,4.53,0.89,-0.04,0.8,1.09,0.87,-0.8
2015-10-06 00:47:50,1.0,4.53,0.87,0.0,0.8,0.97,0.89,-0.62
2015-10-06 00:48:00,1.0,4.48,0.86,0.44,0.8,0.94,0.84,-0.63
2015-10-06 00:48:10,1.0,4.47,0.82,0.31,0.8,0.88,0.83,-0.69
2015-10-06 00:48:20,1.0,4.43,0.79,0.71,0.8,0.73,0.81,-0.53
2015-10-06 00:48:30,1.0,4.47,0.81,0.71,0.7,0.65,0.82,-0.64
2015-10-06 00:48:40,1.0,4.4,0.8,1.29,0.7,0.62,0.79,-0.5
2015-10-06 00:48:50,1.0,4.38,0.77,1.22,0.6,0.53,0.76,-0.26
2015-10-06 00:49:00,1.0,4.36,0.75,1.23,0.6,0.38,0.75,-0.31
2015-10-06 00:49:10,1.0,4.32,0.72,1.74,0.7,0.32,0.72,-0.38
2015-10-06 00:49:20,1.0,4.28,0.69,1.42,0.7,0.28,0.67,-0.33
2015-10-06 00:49:30,1.0,4.27,0.64,2.0,0.7,0.17,0.67,-0.35
2015-10-06 00:49:40,1.0,4.22,0.62,2.47,0.6,0.13,0.62,-0.22
2015-10-06 00:49:50,1.0,4.21,0.62,1.84,0.6,0.01,0.59,-0.35
2015-10-06 00:50:00,1.0,4.16,0.6,2.25,0.5,-0.01,0.57,-0.13
2015-10-06 00:50:10,1.0,4.15,0.56,2.28,0.5,-0.13,0.56,-0.21
2015-10-06 00:50:20,1.0,4.09,0.54,2.27,0.6,-0.18,0.51,-0.1
2015-10-06 00:50:30,1.0,4.08,0.49,2.22,0.5,-0.29,0.5,-0.06
2015-10-06 00:50:40,0.0,4.05,0.45,2.64,0.5,-0.36,0.46,-0.09
2015-10-06 00:50:50,1.0,4.03,0.43,2.75,0.5,-0.44,0.46,-0.21
2015-10-06 00:51:00,0.0,3.97,0.39,2.88,0.5,-0.49,0.38,0.03
2015-10-06 00:51:10,0.0,3.92,0.39,3.3,0.4,-0.61,0.34,0.01
2015-10-06 00:51:20,0.0,3.91,0.32,3.13,0.5,-0.69,0.33,-0.02
2015-10-06 00:51:30,0.0,3.87,0.32,2.89,0.4,-0.73,0.33,-0.02
2015-10-06 00:51:40,0.0,3.84,0.25,3.05,0.4,-0.85,0.27,-0.03
2015-10-06 00:51:50,0.0,3.8,0.24,2.95,0.4,-0.89,0.24,-0.03
2015-10-06 00:52:00,0.0,3.78,0.21,3.3,0.4,-0.96,0.19,-0.03
2015-10-06 00:52:10,0.0,3.74,0.16,3.14,0.4,-0.96,0.18,-0.09
2015-10-06 00:52:20,0.0,3.69,0.13,2.86,0.4,-1.15,0.14,0.04
2015-10-06 00:52:30,0.0,3.69,0.11,2.8,0.4,-1.16,0.07,-0.01
2015-10-06 00:52:40,0.0,3.65,0.06,3.16,0.3,-1.29,0.05,0.05
2015-10-06 00:52:50,0.0,3.59,0.01,2.95,0.3,-1.28,0.03,-0.1
2015-10-06 00:53:00,0.0,3.57,-0.02,2.38,0.3,-1.39,0.02,0.08
2015-10-06 00:53:10,0.0,3.53,-0.05,3.02,0.3,-1.48,-0.04,0.06
2015-10-06 00:53:20,0.0,3.47,-0.09,2.59,0.2,-1.56,-0.07,-0.16
2015-10-06 00:53:30,0.0,3.45,-0.09,2.48,0.2,-1.61,-0.09,-0.19
2015-10-06 00:53:40,0.0,3.43,-0.15,2.37,0.2,-1.78,-0.16,-0.2
2015-10-06 00:53:50,0.0,3.37,-0.18,2.34,0.1,-1.76,-0.16,-0.22
2015-10-06 00:54:00,0.0,3.33,-0.23,1.84,0.2,-1.87,-0.2,-0.15
2015-10-06 00:54:10,0.0,3.3,-0.25,2.46,0.2,-1.95,-0.23,-0.18
2015-10-06 00:54:20,0.0,3.27,-0.27,1.57,0.2,-2.0,-0.29,-0.2
2015-10-06 00:54:30,0.0,3.23,-0.3,2.17,0.1,-2.12,-0.34,-0.19
2015-10-06 00:54:40,0.0,3.17,-0.33,1.31,0.2,-2.17,-0.31,-0.32
2015-10-06 00:54:50,0.0,3.14,-0.37,1.65,0.0,-2.2,-0.38,-0.35
2015-10-06 00:55:00,0.0,3.1,-0.42,1.69,0.1,-2.26,-0.42,-0.43
2015-10-06 00:55:10,0.0,3.08,-0.45,1.13,0.1,-2.35,-0.44,-0.46
2015-10-06 00:55:20,0.0,3.05,-0.45,1.1,0.0,-2.42,-0.48,-0.47
2015-10-06 00:55:30,0.0,3.0,-0.48,0.69,0.1,-2.47,-0.48,-0.5
2015-10-06 00:55:40,-0.0,2.95,-0.51,1.03,-0.0,-2.56,-0.54,-0.52
2015-10-06 00:55:50,-0.0,2.92,-0.55,0.21,0.0,-2.6,-0.57,-0.62
2015-10-06 00:56:00,-0.0,2.87,-0.57,0.37,-0.1,-2.73,-0.57,-0.74
2015-10-06 00:56:10,-0.0,2.84,-0.6,-0.02,-0.0,-2.77,-0.62,-0.59
2015-10-06 00:56:20,-0.0,2.83,-0.66,0.1,-0.1,-2.85,-0.66,-0.77
2015-10-06 00:56:30,-0.0,2.76,-0.68,-0.11,-0.1,-2.89,-0.65,-0.72
2015-10-06 00:56:40,-0.0,2.75,-0.68,-0.4,-0.1,-3.0,-0.69,-0.82
2015-10-06 00:56:50,-0.0,2.71,-0.71,-0.46,-0.1,-3.01,-0.73,-0.83
2015-10-06 00:57:00,-0.0,2.64,-0.74,-1.15,-0.2,-3.11,-0.76,-0.94
2015-10-06 00:57:10,-0.0,2.6,-0.76,-1.1,-0.2,-3.19,-0.77,-0.94
2015-10-06 00:57:20,-0.0,2.56,-0.76,-0.79,-0.1,-3.19,-0.77,-1.11
2015-10-06 00:57:30,-0.0,2.56,-0.81,-1.08,-0.2,-3.27,-0.79,-1.0
2015-10-06 00:57:40,-0.0,2.54,-0.82,-1.58,-0.3,-3.28,-0.83,-1.15
2015-10-06 00:57:50,-0.0,2.5,-0.86,-1.39,-0.3,-3.35,-0.84,-1.07
2015-10-06 00:58:00,-0.0,2.45,-0.88,-2.3,-0.3,-3.45,-0.87,-1.23
2015-10-06 00:58:10,-0.0,2.41,-0.87,-2.04,-0.2,-3.48,-0.88,-1.22
2015-10-06 00:58:20,-0.0,2.38,-0.9,-1.89,-0.4,-3.55,-0.9,-1.38
2015-10-06 00:58:30,-0.0,2.34,-0.92,-2.53,-0.3,-3.61,-0.93,-1.37
2015-10-06 00:58:40,-0.0,2.33,-0.92,-2.93,-0.3,-3.73,-0.91,-1.54
2015-10-06 00:58:50,-0.0,2.25,-0.95,-2.77,-0.4,-3.73,-0.94,-1.42
2015-10-06 00:59:00,-0.0,2.22,-0.95,-2.85,-0.4,-3.72,-0.97,-1.56
2015-10-06 00:59:10,-0.0,2.2,-0.94,-2.47,-0.4,-3.84,-0.95,-1.58
2015-10-06 00:59:20,-0.0,2.14,-0.97,-3.34,-0.4,-3.9,-0.96,-1.53
2015-10-06 00:59:30,-0.0,2.14,-1.0,-3.63,-0.5,-3.93,-0.99,-1.65
2015-10-06 00:59:40,-0.0,2.08,-0.98,-3.8,-0.4,-3.99,-0.98,-1.71
2015-10-06 00:59:50,-0.0,2.05,-0.99,-3.73,-0.4,-4.05,-0.99,-1.65
2015-10-06 01:00:00,-1.0,2.02,-0.99,-3.99,-0.5,-4.08,-0.97,-1.71
2015-10-06 01:00:10,-1.0,1.99,-1.01,-4.01,-0.5,-4.08,-0.99,-1.83
2015-10-06 01:00:20,-1.0,1.96,-1.01,-3.97,-0.6,-4.12,-0.99,-1.88
2015-10-06 01:00:30,-1.0,1.94,-1.01,-4.5,-0.5,-4.23,-1.01,-1.83
2015-10-06 01:00:40,-1.0,1.89,-1.03,-4.02,-0.6,-4.2,-1.01,-1.83
2015-10-06 01:00:50,-1.0,1.88,-1.0,-4.49,-0.6,-4.24,-1.01,-1.93
2015-10-06 01:01:00,-1.0,1.83,-1.01,-4.37,-0.6,-4.35,-1.0,-2.02
2015-10-06 01:01:10,-1.0,1.82,-1.0,-4.88,-0.7,-4.39,-1.0,-1.87
2015-10-06 01:01:20,-1.0,1.77,-0.99,-4.87,-0.6,-4.37,-1.01,-1.94
2015-10-06 01:01:30,-1.0,1.73,-0.98,-4.9,-0.6,-4.37,-0.98,-2.07
2015-10-06 01:01:40,-1.0,1.7,-0.96,-4.69,-0.6,-4.48,-0.99,-2.03
2015-10-06 01:01:50,-1.0,1.69,-0.96,-4.89,-0.6,-4.49,-0.97,-1.97
2015-10-06 01:02:00,-1.0,1.67,-0.96,-4.84,-0.6,-4.53,-0.95,-1.9
2015-10-06 01:02:10,-1.0,1.62,-0.95,-4.94,-0.7,-4.57,-0.95,-2.02
2015-10-06 01:02:20,-1.0,1.58,-0.94,-4.94,-0.7,-4.61,-0.91,-1.97
2015-10-06 01:02:30,-1.0,1.6,-0.93,-5.1,-0.7,-4.64,-0.93,-2.03
2015-10-06 01:02:40,-1.0,1.55,-0.9,-4.85,-0.7,-4.67,-0.9,-2.02
2015-10-06 01:02:50,-1.0,1.52,-0.91,-5.08,-0.8,-4.7,-0.89,-2.06
2015-10-06 01:03:00,-1.0,1.49,-0.88,-4.68,-0.8,-4.73,-0.86,-1.88
2015-10-06 01:03:10,-1.0,1.49,-0.85,-4.9,-0.7,-4.79,-0.84,-2.02
2015-10-06 01:03:20,-1.0,1.44,-0.83,-4.86,-0.8,-4.83,-0.83,-1.92
2015-10-06 01:03:30,-1.0,1.43,-0.82,-4.57,-0.9,-4.81,-0.81,-1.85
2015-10-06 01:03:40,-1.0,1.4,-0.8,-5.01,-0.8,-4.84,-0.81,-1.98
2015-10-06 01:03:50,-1.0,1.38,-0.79,-4.63,-0.8,-4.81,-0.8,-1.89
2015-10-06 01:04:00,-1.0,1.37,-0.72,-4.15,-0.8,-4.81,-0.76,-1.85
2015-10-06 01:04:10,-1.0,1.33,-0.75,-4.6,-0.8,-4.86,-0.74,-1.79
2015-10-06 01:04:20,-1.0,1.32,-0.7,-3.94,-0.9,-4.85,-0.7,-1.82
2015-10-06 01:04:30,-1.0,1.32,-0.68,-4.56,-0.9,-4.88,-0.7,-1.79
2015-10-06 01:04:40,-1.0,1.29,-0.66,-4.36,-0.8,-4.89,-0.68,-1.82
2015-10-06 01:04:50,-1.0,1.24,-0.63,-3.92,-0.8,-4.94,-0.63,-1.82
2015-10-06 01:05:00,-1.0,1.27,-0.6,-3.83,-0.9,-4.91,-0.6,-1.72
2015-10-06 01:05:10,-1.0,1.23,-0.59,-3.99,-0.9,-4.89,-0.59,-1.63
2015-10-06 01:05:20,-1.0,1.21,-0.53,-3.43,-0.9,-4.95,-0.55,-1.64
2015-10-06 01:05:30,-1.0,1.18,-0.53,-3.36,-0.9,-4.96,-0.52,-1.56
2015-10-06 01:05:40,-1.0,1.18,-0.48,-2.98,-0.9,-4.94,-0.51,-1.54
2015-10-06 01:05:50,-1.0,1.18,-0.48,-2.55,-0.9,-5.02,-0.46,-1.51
2015-10-06 01:06:00,-1.0,1.16,-0.42,-2.52,-0.9,-5.1,-0.39,-1.51
2015-10-06 01:06:10,-1.0,1.14,-0.39,-2.15,-1.0,-4.96,-0.4,-1.37
2015-10-06 01:06:20,-1.0,1.12,-0.37,-2.26,-0.9,-5.01,-0.35,-1.39
2015-10-06 01:06:30,-1.0,1.1,-0.32,-2.54,-1.0,-4.98,-0.35,-1.28
2015-10-06 01:06:40,-1.0,1.1,-0.29,-1.93,-0.9,-5.0,-0.31,-1.31
2015-10-06 01:06:50,-1.0,1.07,-0.25,-1.96,-0.9,-4.94,-0.3,-1.2
2015-10-06 01:07:00,-1.0,1.07,-0.23,-1.47,-1.0,-4.95,-0.23,-1.13
2015-10-06 01:07:10,-1.0,1.05,-0.21,-1.55,-1.0,-4.93,-0.17,-1.14
2015-10-06 01:07:20,-1.0,1.04,-0.17,-1.53,-1.0,-5.0,-0.17,-1.2
2015-10-06 01:07:30,-1.0,1.06,-0.11,-1.36,-1.0,-4.95,-0.13,-1.07
2015-10-06 01:07:40,-1.0,1.03,-0.08,-1.22,-1.0,-4.99,-0.09,-1.04
2015-10-06 01:07:50,-1.0,1.05,-0.05,-0.3,-1.0,-4.95,-0.07,-0.88
2015-10-06 01:08:00,-1.0,1.01,-0.03,-0.67,-1.0,-4.94,-0.04,-0.82
2015-10-06 01:08:10,-1.0,1.01,0.01,-0.54,-1.1,-4.96,0.04,-0.81
2015-10-06 01:08:20,-1.0,1.0,0.07,-0.32,-1.0,-4.92,0.04,-0.81
2015-10-06 01:08:30,-1.0,1.0,0.07,0.08,-1.0,-4.92,0.07,-0.63
2015-10-06 01:08:40,-1.0,1.03,0.1,0.26,-1.0,-4.88,0.14,-0.62
2015-10-06 01:08:50,-1.0,0.98,0.15,0.41,-1.0,-4.89,0.16,-0.65
2015-10-06 01:09:00,-1.0,0.99,0.16,0.97,-1.0,-4.86,0.19,-0.45
2015-10-06 01:09:10,-1.0,0.99,0.21,0.69,-1.0,-4.87,0.22,-0.58
2015-10-06 01:09:20,-1.0,0.98,0.25,1.08,-1.1,-4.82,0.24,-0.56
2015-10-06 01:09:30,-1.0,0.99,0.28,1.06,-1.0,-4.85,0.26,-0.46
2015-10-06 01:09:40,-1.0,0.98,0.31,1.33,-1.0,-4.81,0.33,-0.35
2015-10-06 01:09:50,-1.0,1.02,0.35,1.44,-1.0,-4.75,0.34,-0.37
2015-10-06 01:10:00,-1.0,1.0,0.38,1.83,-1.0,-4.77,0.39,-0.25
2015-10-06 01:10:10,-1.0,1.0,0.44,1.94,-1.0,-4.68,0.43,-0.3
2015-10-06 01:10:20,-1.0,1.02,0.44,2.31,-1.0,-4.75,0.41,-0.21
2015-10-06 01:10:30,-1.0,1.0,0.46,1.63,-0.9,-4.68,0.5,-0.2
2015-10-06 01:10:40,-1.0,1.02,0.48,1.82,-1.0,-4.61,0.52,-0.24
2015-10-06 01:10:50,-1.0,1.04,0.52,2.18,-0.9,-4.64,0.53,-0.21
2015-10-06 01:11:00,-1.0,1.02,0.57,2.13,-0.9,-4.67,0.57,-0.05
2015-10-06 01:11:10,-1.0,1.03,0.6,2.74,-1.0,-4.59,0.56,-0.23
2015-10-06 01:11:20,-1.0,1.06,0.58,2.42,-1.0,-4.51,0.59,-0.22
2015-10-06 01:11:30,-1.0,1.05,0.63,2.32,-1.0,-4.5,0.63,-0.14
2015-10-06 01:11:40,-1.0,1.06,0.68,2.84,-1.0,-4.42,0.68,-0.14
2015-10-06 01:11:50,-1.0,1.09,0.67,2.77,-1.0,-4.45,0.69,-0.01
2015-10-06 01:12:00,-1.0,1.1,0.73,2.35,-1.0,-4.32,0.74,-0.13
2015-10-06 01:12:10,-1.0,1.09,0.74,3.08,-1.0,-4.29,0.76,0.09
2015-10-06 01:12:20,-1.0,1.09,0.77,2.63,-0.9,-4.32,0.78,-0.07
2015-10-06 01:12:30,-1.0,1.12,0.77,3.26,-0.9,-4.23,0.8,-0.02
2015-10-06 01:12:40,-1.0,1.12,0.81,2.94,-0.9,-4.23,0.81,-0.0
2015-10-06 01:12:50,-1.0,1.16,0.83,2.75,-0.9,-4.21,0.81,-0.04
2015-10-06 01:13:00,-1.0,1.16,0.85,3.02,-0.9,-4.05,0.86,0.04
2015-10-06 01:13:10,-1.0,1.2,0.86,2.95,-0.9,-4.08,0.84,-0.13
2015-10-06 01:13:20,-1.0,1.21,0.89,2.8,-0.9,-4.03,0.87,-0.05
2015-10-06 01:13:30,-1.0,1.2,0.92,3.1,-0.9,-3.99,0.91,-0.01
2015-10-06 01:13:40,-1.0,1.24,0.91,2.93,-0.9,-3.96,0.93,-0.07
2015-10-06 01:13:50,-1.0,1.24,0.94,2.86,-0.9,-3.87,0.94,-0.01
2015-10-06 01:14:00,-1.0,1.27,0.94,2.87,-0.9,-3.79,0.93,0.02
2015-10-06 01:14:10,-1.0,1.3,0.96,2.75,-0.8,-3.72,0.98,-0.14
2015-10-06 01:14:20,-1.0,1.3,0.93,2.68,-0.9,-3.76,0.97,-0.1
2015-10-06 01:14:30,-1.0,1.32,0.99,2.74,-0.9,-3.77,0.93,-0.05
2015-10-06 01:14:40,-1.0,1.36,0.99,2.24,-0.8,-3.56,1.01,-0.11
2015-10-06 01:14:50,-1.0,1.37,0.96,2.36,-0.8,-3.57,0.98,-0.11
2015-10-06 01:15:00,-1.0,1.37,0.99,2.11,-0.8,-3.55,0.99,-0.29
2015-10-06 01:15:10,-1.0,1.42,0.98,2.11,-0.8,-3.47,0.99,-0.22
2015-10-06 01:15:20,-1.0,1.46,0.98,1.69,-0.8,-3.41,1.01,-0.14
2015-10-06 01:15:30,-1.0,1.46,1.01,1.88,-0.8,-3.26,1.02,-0.27
2015-10-06 01:15:40,-1.0,1.47,1.0,0.79,-0.8,-3.3,0.97,-0.45
2015-10-06 01:15:50,-1.0,1.51,1.0,1.89,-0.8,-3.2,1.02,-0.38
2015-10-06 01:16:00,-1.0,1.55,0.99,1.25,-0.8,-3.16,1.0,-0.42
2015-10-06 01:16:10,-1.0,1.58,1.0,1.03,-0.7,-3.06,1.0,-0.58
2015-10-06 01:16:20,-1.0,1.57,0.99,0.74,-0.7,-3.03,0.97,-0.57
2015-10-06 01:16:30,-1.0,1.6,0.98,0.89,-0.7,-2.88,0.96,-0.58
2015-10-06 01:16:40,-1.0,1.65,0.96,0.89,-0.7,-2.95,1.01,-0.65
2015-10-06 01:16:50,-1.0,1.64,0.96,1.05,-0.7,-2.91,0.97,-0.71
2015-10-06 01:17:00,-1.0,1.71,0.96,0.13,-0.6,-2.73,0.94,-0.73
2015-10-06 01:17:10,-1.0,1.71,0.93,-0.06,-0.6,-2.7,0.94,-0.78
2015-10-06 01:17:20,-1.0,1.77,0.91,-0.16,-0.6,-2.67,0.93,-0.89
2015-10-06 01:17:30,-1.0,1.8,0.92,-0.23,-0.7,-2.53,0.92,-0.85
2015-10-06 01:17:40,-1.0,1.81,0.93,-0.29,-0.6,-2.53,0.93,-0.83
2015-10-06 01:17:50,-1.0,1.87,0.91,-0.48,-0.6,-2.45,0.91,-0.96
2015-10-06 01:18:00,-0.0,1.88,0.86,-0.63,-0.5,-2.33,0.89,-1.05
2015-10-06 01:18:10,-0.0,1.89,0.89,-1.05,-0.6,-2.37,0.9,-1.08
2015-10-06 01:18:20,-1.0,1.92,0.86,-1.06,-0.6,-2.24,0.85,-1.09
2015-10-06 01:18:30,-0.0,1.99,0.85,-1.55,-0.5,-2.17,0.82,-1.12
2015-10-06 01:18:40,-1.0,2.01,0.81,-1.47,-0.5,-2.11,0.8,-1.16
2015-10-06 01:18:50,-0.0,2.03,0.79,-1.99,-0.5,-1.97,0.81,-1.28
2015-10-06 01:19:00,-0.0,2.09,0.77,-2.23,-0.5,-1.96,0.79,-1.35
2015-10-06 01:19:10,-1.0,2.14,0.74,-2.55,-0.5,-1.88,0.74,-1.36
2015-10-06 01:19:20,-0.0,2.13,0.74,-2.21,-0.4,-1.84,0.74,-1.27
2015-10-06 01:19:30,-0.0,2.19,0.73,-2.81,-0.4,-1.79,0.7,-1.48
2015-10-06 01:19:40,-0.0,2.22,0.67,-2.75,-0.4,-1.65,0.69,-1.46
2015-10-06 01:19:50,-0.0,2.23,0.66,-2.69,-0.4,-1.6,0.66,-1.51
2015-10-06 01:20:00,-0.0,2.29,0.61,-3.14,-0.3,-1.55,0.62,-1.55
2015-10-06 01:20:10,-0.0,2.31,0.6,-3.53,-0.3,-1.45,0.56,-1.67
2015-10-06 01:20:20,-0.0,2.35,0.57,-3.72,-0.4,-1.36,0.55,-1.7
2015-10-06 01:20:30,-0.0,2.38,0.54,-3.82,-0.3,-1.3,0.54,-1.65
2015-10-06 01:20:40,-0.0,2.43,0.51,-3.96,-0.3,-1.15,0.49,-1.75
2015-10-06 01:20:50,-0.0,2.47,0.5,-3.37,-0.3,-1.14,0.48,-1.75
2015-10-06 01:21:00,-0.0,2.5,0.44,-4.04,-0.3,-1.04,0.45,-1.82
2015-10-06 01:21:10,-0.0,2.5,0.41,-4.6,-0.2,-0.98,0.42,-1.89
2015-10-06 01:21:20,-0.0,2.57,0.37,-4.85,-0.2,-0.89,0.39,-1.93
2015-10-06 01:21:30,-0.0,2.59,0.38,-4.55,-0.2,-0.79,0.37,-1.89
2015-10-06 01:21:40,-0.0,2.65,0.33,-4.65,-0.2,-0.74,0.31,-1.93
2015-10-06 01:21:50,-0.0,2.68,0.26,-4.42,-0.1,-0.67,0.28,-1.95
2015-10-06 01:22:00,-0.0,2.72,0.25,-4.67,-0.1,-0.58,0.27,-1.97
2015-10-06 01:22:10,-0.0,2.75,0.21,-4.51,-0.1,-0.43,0.23,-1.82
2015-10-06 01:22:20,-0.0,2.82,0.2,-4.78,-0.1,-0.43,0.19,-1.9
2015-10-06 01:22:30,-0.0,2.82,0.17,-5.02,-0.2,-0.31,0.16,-1.98
2015-10-06 01:22:40,-0.0,2.89,0.09,-5.06,-0.1,-0.3,0.12,-2.04
2015-10-06 01:22:50,-0.0,2.88,0.07,-4.89,-0.1,-0.19,0.06,-2.01
2015-10-06 01:23:00,-0.0,2.95,0.03,-5.04,-0.0,-0.12,0.06,-1.97
2015-10-06 01:23:10,0.0,2.99,0.01,-4.79,-0.0,-0.05,0.03,-2.1
2015-10-06 01:23:20,0.0,3.03,-0.02,-4.88,-0.0,0.01,-0.03,-1.96
2015-10-06 01:23:30,0.0,3.08,-0.06,-4.83,0.0,0.18,-0.06,-2.05
2015-10-06 01:23:40,0.0,3.11,-0.1,-4.57,0.0,0.18,-0.1,-1.95
2015-10-06 01:23:50,0.0,3.14,-0.12,-4.83,0.1,0.27,-0.12,-1.93
2015-10-06 01:24:00,0.0,3.19,-0.15,-5.2,0.1,0.39,-0.15,-2.02
2015-10-06 01:24:10,0.0,3.21,-0.19,-4.56,0.1,0.41,-0.2,-1.89
2015-10-06 01:24:20,0.0,3.23,-0.23,-4.59,0.2,0.43,-0.22,-2.01
2015-10-06 01:24:30,0.0,3.28,-0.23,-4.7,0.1,0.55,-0.26,-1.99
2015-10-06 01:24:40,0.0,3.31,-0.32,-4.62,0.1,0.62,-0.28,-1.88
2015-10-06 01:24:50,0.0,3.36,-0.3,-4.55,0.2,0.74,-0.33,-1.93
2015-10-06 01:25:00,0.0,3.37,-0.37,-4.31,0.2,0.87,-0.37,-1.86
2015-10-06 01:25:10,0.0,3.48,-0.39,-4.25,0.2,0.9,-0.39,-1.88
2015-10-06 01:25:20,0.0,3.46,-0.41,-4.23,0.2,0.95,-0.44,-1.9
2015-10-06 01:25:30,0.0,3.5,-0.49,-4.12,0.2,1.11,-0.48,-1.86
2015-10-06 01:25:40,0.0,3.53,-0.5,-4.1,0.3,1.08,-0.5,-1.66
2015-10-06 01:25:50,0.0,3.59,-0.5,-3.75,0.2,1.21,-0.53,-1.8
2015-10-06 01:26:00,0.0,3.62,-0.52,-3.54,0.3,1.31,-0.56,-1.81
2015-10-06 01:26:10,0.0,3.64,-0.57,-3.65,0.3,1.36,-0.57,-1.68
2015-10-06 01:26:20,0.0,3.67,-0.59,-3.55,0.3,1.45,-0.6,-1.71
2015-10-06 01:26:30,0.0,3.72,-0.61,-3.61,0.3,1.48,-0.63,-1.5
2015-10-06 01:26:40,0.0,3.78,-0.62,-3.36,0.4,1.59,-0.64,-1.57
2015-10-06 01:26:50,0.0,3.78,-0.67,-2.7,0.3,1.73,-0.69,-1.49
2015-10-06 01:27:00,0.0,3.82,-0.71,-2.91,0.4,1.82,-0.74,-1.45
2015-10-06 01:27:10,0.0,3.86,-0.74,-2.76,0.5,1.77,-0.73,-1.39
2015-10-06 01:27:20,0.0,3.89,-0.73,-2.33,0.5,1.88,-0.76,-1.27
2015-10-06 01:27:30,0.0,3.91,-0.79,-2.02,0.5,2.01,-0.76,-1.31
2015-10-06 01:27:40,1.0,3.97,-0.79,-2.27,0.5,2.02,-0.79,-1.2
2015-10-06 01:27:50,0.0,4.0,-0.82,-1.73,0.5,2.09,-0.86,-1.1
2015-10-06 01:28:00,1.0,4.03,-0.85,-1.47,0.5,2.23,-0.85,-1.11
2015-10-06 01:28:10,1.0,4.05,-0.82,-1.63,0.5,2.24,-0.86,-1.02
2015-10-06 01:28:20,1.0,4.1,-0.87,-0.87,0.5,2.33,-0.88,-0.95
2015-10-06 01:28:30,1.0,4.11,-0.89,-1.13,0.6,2.39,-0.88,-0.97
2015-10-06 01:28:40,1.0,4.14,-0.91,-0.47,0.6,2.46,-0.91,-0.9
2015-10-06 01:28:50,1.0,4.15,-0.92,-0.09,0.6,2.52,-0.93,-0.71
2015-10-06 01:29:00,1.0,4.2,-0.94,-0.35,0.6,2.56,-0.94,-0.8
2015-10-06 01:29:10,1.0,4.25,-0.94,-0.2,0.6,2.63,-0.93,-0.82
2015-10-06 01:29:20,1.0,4.3,-0.99,0.46,0.7,2.77,-0.97,-0.73
2015-10-06 01:29:30,1.0,4.3,-0.97,-0.03,0.6,2.83,-0.95,-0.73
2015-10-06 01:29:40,1.0,4.32,-0.95,0.77,0.7,2.89,-0.95,-0.52
2015-10-06 01:29:50,1.0,4.33,-0.98,0.59,0.7,2.91,-0.99,-0.55
2015-10-06 01:30:00,1.0,4.39,-0.98,1.13,0.7,2.94,-0.97,-0.59
2015-10-06 01:30:10,1.0,4.4,-0.97,0.89,0.7,3.04,-1.0,-0.38
2015-10-06 01:30:20,1.0,4.43,-1.0,1.11,0.8,3.11,-0.99,-0.48
2015-10-06 01:30:30,1.0,4.45,-1.0,1.76,0.8,3.15,-1.01,-0.45
2015-10-06 01:30:40,1.0,4.48,-1.0,1.31,0.8,3.27,-0.99,-0.51
2015-10-06 01:30:50,1.0,4.52,-0.98,1.71,0.7,3.23,-0.99,-0.36
2015-10-06 01:31:00,1.0,4.53,-1.01,2.08,0.8,3.32,-1.0,-0.34
2015-10-06 01:31:10,1.0,4.57,-0.99,1.87,0.8,3.41,-1.01,-0.31
2015-10-06 01:31:20,1.0,4.58,-0.98,1.96,0.9,3.45,-0.99,-0.21
2015-10-06 01:31:30,1.0,4.61,-0.96,2.22,0.9,3.5,-0.98,-0.12
2015-10-06 01:31:40,1.0,4.62,-0.99,2.58,0.9,3.63,-0.99,-0.21
2015-10-06 01:31:50,1.0,4.65,-1.0,1.97,0.8,3.6,-0.96,-0.17
2015-10-06 01:32:00,1.0,4.68,-0.98,2.61,0.8,3.62,-0.97,-0.06
2015-10-06 01:32:10,1.0,4.7,-0.96,2.49,0.9,3.68,-0.95,-0.14
2015-10-06 01:32:20,1.0,4.71,-0.95,2.43,0.8,3.83,-0.94,-0.0
2015-10-06 01:32:30,1.0,4.73,-0.93,2.98,0.8,3.8,-0.96,-0.05
2015-10-06 01:32:40,1.0,4.76,-0.92,2.84,0.9,3.92,-0.91,0.0
2015-10-06 01:32:50,1.0,4.79,-0.92,2.57,0.9,3.93,-0.93,-0.05
2015-10-06 01:33:00,1.0,4.78,-0.88,3.13,0.9,3.97,-0.93,-0.02
2015-10-06 01:33:10,1.0,4.81,-0.86,3.13,0.9,3.96,-0.91,-0.06
2015-10-06 01:33:20,1.0,4.84,-0.88,2.88,0.9,4.12,-0.88,0.01
2015-10-06 01:33:30,1.0,4.82,-0.84,3.14,0.9,4.09,-0.86,0.02
2015-10-06 01:33:40,1.0,4.83,-0.85,3.29,1.0,4.21,-0.84,0.1
2015-10-06 01:33:50,1.0,4.86,-0.81,2.92,0.9,4.19,-0.81,-0.01
2015-10-06 01:34:00,1.0,4.88,-0.8,2.87,0.9,4.18,-0.78,-0.01
2015-10-06 01:34:10,1.0,4.89,-0.75,2.83,1.0,4.24,-0.76,-0.02
2015-10-06 01:34:20,1.0,4.91,-0.74,2.58,1.0,4.31,-0.74,-0.12
2015-10-06 01:34:30,1.0,4.92,-0.69,2.84,0.9,4.34,-0.71,-0.02
2015-10-06 01:34:40,1.0,4.91,-0.73,3.43,1.0,4.37,-0.69,-0.04
2015-10-06 01:34:50,1.0,4.93,-0.66,2.51,1.1,4.41,-0.65,-0.14
2015-10-06 01:35:00,1.0,4.93,-0.62,3.04,0.9,4.54,-0.66,-0.0
2015-10-06 01:35:10,1.0,4.94,-0.62,2.53,1.0,4.51,-0.63,-0.14
2015-10-06 01:35:20,1.0,4.95,-0.59,2.57,1.0,4.52,-0.59,-0.24
2015-10-06 01:35:30,1.0,4.97,-0.56,2.34,1.0,4.62,-0.59,-0.23
2015-10-06 01:35:40,1.0,4.99,-0.52,2.18,0.9,4.55,-0.53,-0.23
2015-10-06 01:35:50,1.0,4.99,-0.52,2.16,1.0,4.64,-0.51,-0.13
2015-10-06 01:36:00,1.0,4.99,-0.5,1.84,1.0,4.64,-0.49,-0.25
2015-10-06 01:36:10,1.0,4.99,-0.41,1.99,1.0,4.68,-0.45,-0.35
2015-10-06 01:36:20,1.0,4.98,-0.41,1.54,0.9,4.71,-0.44,-0.23
2015-10-06 01:36:30,1.0,5.0,-0.36,1.34,1.0,4.72,-0.39,-0.38
2015-10-06 01:36:40,1.0,5.0,-0.32,1.84,1.0,4.8,-0.35,-0.51
2015-10-06 01:36:50,1.0,5.01,-0.31,0.67,1.0,4.8,-0.3,-0.46
2015-10-06 01:37:00,1.0,4.99,-0.28,1.16,1.0,4.81,-0.29,-0.42
2015-10-06 01:37:10,1.0,5.01,-0.26,0.46,1.0,4.87,-0.26,-0.52
2015-10-06 01:37:20,1.0,5.0,-0.21,0.9,1.0,4.87,-0.22,-0.5
2015-10-06 01:37:30,1.0,4.99,-0.18,0.8,0.9,4.83,-0.19,-0.67
2015-10-06 01:37:40,1.0,4.99,-0.17,0.33,1.0,4.86,-0.16,-0.65
2015-10-06 01:37:50,1.0,5.0,-0.11,-0.3,1.0,4.92,-0.09,-0.66
2015-10-06 01:38:00,1.0,5.0,-0.07,0.06,1.0,4.94,-0.11,-0.76
2015-10-06 01:38:10,1.0,4.98,-0.07,0.0,1.0,4.93,-0.05,-0.97
2015-10-06 01:38:20,1.0,4.94,-0.02,-0.39,1.0,4.94,0.02,-0.89
2015-10-06 01:38:30,1.0,4.97,0.03,-0.58,1.0,4.92,0.02,-0.81
2015-10-06 01:38:40,1.0,4.97,0.06,-0.83,1.0,5.0,0.07,-0.92
2015-10-06 01:38:50,1.0,4.99,0.1,-0.95,1.0,4.98,0.09,-0.98
2015-10-06 01:39:00,1.0,4.97,0.12,-0.95,1.0,4.96,0.12,-1.03
2015-10-06 01:39:10,1.0,4.96,0.15,-1.1,0.9,5.02,0.18,-1.11
2015-10-06 01:39:20,1.0,4.95,0.2,-1.59,1.0,5.03,0.2,-1.15
2015-10-06 01:39:30,1.0,4.92,0.24,-1.95,0.9,4.99,0.21,-1.23
2015-10-06 01:39:40,1.0,4.92,0.28,-1.97,1.0,5.06,0.27,-1.17
2015-10-06 01:39:50,1.0,4.9,0.31,-2.41,0.9,4.96,0.31,-1.24
2015-10-06 01:40:00,1.0,4.9,0.34,-1.68,1.0,5.06,0.33,-1.28
2015-10-06 01:40:10,1.0,4.88,0.35,-2.54,1.0,5.0,0.35,-1.32
2015-10-06 01:40:20,1.0,4.86,0.4,-2.49,0.9,4.98,0.42,-1.34
2015-10-06 01:40:30,1.0,4.89,0.41,-2.97,0.9,5.0,0.43,-1.48
2015-10-06 01:40:40,1.0,4.84,0.45,-2.66,0.9,4.98,0.47,-1.41
2015-10-06 01:40:50,1.0,4.8,0.51,-3.0,0.9,5.06,0.49,-1.6
2015-10-06 01:41:00,1.0,4.8,0.52,-3.72,0.9,4.92,0.51,-1.52
2015-10-06 01:41:10,1.0,4.79,0.55,-3.6,0.9,5.03,0.54,-1.78
2015-10-06 01:41:20,1.0,4.79,0.58,-3.37,0.9,4.96,0.55,-1.75
2015-10-06 01:41:30,1.0,4.77,0.6,-4.08,0.9,4.96,0.6,-1.77
2015-10-06 01:41:40,1.0,4.73,0.62,-4.19,0.9,5.02,0.6,-1.83
2015-10-06 01:41:50,1.0,4.75,0.68,-4.53,0.9,4.88,0.64,-1.71
2015-10-06 01:42:00,1.0,4.67,0.68,-4.69,0.9,4.9,0.7,-1.86
2015-10-06 01:42:10,1.0,4.67,0.7,-4.15,0.9,4.88,0.72,-1.87
2015-10-06 01:42:20,1.0,4.66,0.72,-4.49,0.8,4.84,0.74,-1.84
2015-10-06 01:42:30,1.0,4.66,0.77,-4.61,0.8,4.8,0.74,-2.02
2015-10-06 01:42:40,1.0,4.59,0.79,-4.74,0.9,4.86,0.77,-1.86
2015-10-06 01:42:50,1.0,4.6,0.8,-4.13,0.8,4.91,0.79,-1.97
2015-10-06 01:43:00,1.0,4.58,0.81,-5.4,0.7,4.78,0.8,-1.96
2015-10-06 01:43:10,1.0,4.54,0.85,-4.7,0.8,4.78,0.83,-1.99
2015-10-06 01:43:20,1.0,4.51,0.85,-4.81,0.7,4.71,0.86,-2.06
2015-10-06 01:43:30,1.0,4.49,0.85,-4.7,0.8,4.74,0.87,-1.87
2015-10-06 01:43:40,1.0,4.45,0.89,-5.13,0.8,4.69,0.91,-1.96
2015-10-06 01:43:50,1.0,4.44,0.9,-4.9,0.7,4.68,0.89,-2.07
2015-10-06 01:44:00,1.0,4.43,0.94,-5.61,0.7,4.68,0.93,-2.1
2015-10-06 01:44:10,1.0,4.4,0.94,-4.82,0.7,4.64,0.91,-2.07
2015-10-06 01:44:20,1.0,4.37,0.92,-5.4,0.7,4.61,0.94,-1.94
2015-10-06 01:44:30,1.0,4.37,0.94,-4.87,0.7,4.51,0.97,-2.0
2015-10-06 01:44:40,1.0,4.32,0.95,-4.81,0.7,4.49,0.95,-1.9
2015-10-06 01:44:50,1.0,4.29,0.97,-4.85,0.7,4.46,0.97,-1.97
2015-10-06 01:45:00,1.0,4.26,0.99,-4.84,0.6,4.42,1.01,-2.04
2015-10-06 01:45:10,1.0,4.24,1.0,-4.58,0.6,4.39,1.01,-1.8
2015-10-06 01:45:20,1.0,4.2,1.0,-4.36,0.6,4.28,1.0,-1.95
2015-10-06 01:45:30,1.0,4.16,1.0,-4.65,0.6,4.42,1.02,-1.94
2015-10-06 01:45:40,1.0,4.15,1.0,-4.64,0.5,4.29,0.98,-1.98
2015-10-06 01:45:50,0.0,4.09,0.99,-5.14,0.6,4.22,1.0,-1.71
2015-10-06 01:46:00,0.0,4.07,1.01,-4.73,0.6,4.21,0.99,-1.85
2015-10-06 01:46:10,0.0,4.04,1.01,-4.44,0.5,4.16,1.01,-1.89
2015-10-06 01:46:20,0.0,4.03,1.01,-4.5,0.5,4.1,0.98,-1.79
2015-10-06 01:46:30,1.0,3.99,1.0,-3.95,0.5,4.1,0.99,-1.75
2015-10-06 01:46:40,0.0,3.94,0.99,-3.6,0.5,3.96,0.97,-1.68
2015-10-06 01:46:50,0.0,3.9,0.96,-3.68,0.4,4.0,1.0,-1.72
2015-10-06 01:47:00,0.0,3.88,0.98,-3.09,0.5,4.0,1.0,-1.61
2015-10-06 01:47:10,0.0,3.84,1.01,-3.52,0.4,3.89,0.98,-1.61
2015-10-06 01:47:20,0.0,3.79,0.92,-3.03,0.4,3.82,0.97,-1.62
2015-10-06 01:47:30,0.0,3.75,0.94,-2.85,0.4,3.79,0.92,-1.45
2015-10-06 01:47:40,0.0,3.73,0.94,-2.8,0.3,3.71,0.93,-1.36
2015-10-06 01:47:50,0.0,3.68,0.94,-2.96,0.4,3.65,0.94,-1.27
2015-10-06 01:48:00,0.0,3.66,0.91,-2.76,0.3,3.6,0.92,-1.44
2015-10-06 01:48:10,0.0,3.64,0.88,-2.56,0.3,3.53,0.91,-1.43
2015-10-06 01:48:20,0.0,3.57,0.89,-2.49,0.3,3.52,0.89,-1.13
2015-10-06 01:48:30,0.0,3.58,0.86,-1.59,0.2,3.42,0.89,-1.19
2015-10-06 01:48:40,0.0,3.54,0.85,-1.77,0.2,3.42,0.86,-1.19
2015-10-06 01:48:50,0.0,3.48,0.84,-1.54,0.2,3.24,0.82,-1.16
2015-10-06 01:49:00,0.0,3.45,0.82,-1.47,0.2,3.3,0.81,-1.03
2015-10-06 01:49:10,0.0,3.41,0.8,-1.04,0.2,3.27,0.77,-1.11
2015-10-06 01:49:20,0.0,3.39,0.78,-0.98,0.2,3.18,0.75,-0.98
2015-10-06 01:49:30,0.0,3.34,0.74,-0.81,0.2,3.07,0.75,-0.87
2015-10-06 01:49:40,0.0,3.3,0.71,-0.29,0.1,3.07,0.75,-0.85
2015-10-06 01:49:50,0.0,3.26,0.68,-0.36,0.2,2.91,0.69,-0.8
2015-10-06 01:50:00,0.0,3.21,0.66,-0.46,0.1,2.91,0.67,-0.76
2015-10-06 01:50:10,0.0,3.21,0.63,0.18,0.1,2.79,0.62,-0.84
2015-10-06 01:50:20,0.0,3.17,0.6,0.48,0.1,2.78,0.6,-0.65
2015-10-06 01:50:30,0.0,3.12,0.58,1.04,0.1,2.63,0.59,-0.68
2015-10-06 01:50:40,0.0,3.05,0.56,0.26,0.1,2.7,0.54,-0.59
2015-10-06 01:50:50,-0.0,3.02,0.54,1.06,-0.0,2.61,0.56,-0.58
2015-10-06 01:51:00,-0.0,3.03,0.51,1.02,-0.0,2.52,0.52,-0.51
2015-10-06 01:51:10,-0.0,2.96,0.48,1.14,-0.0,2.39,0.47,-0.51
2015-10-06 01:51:20,-0.0,2.92,0.45,1.7,-0.0,2.42,0.43,-0.38
2015-10-06 01:51:30,-0.0,2.87,0.38,1.59,-0.0,2.4,0.38,-0.46
2015-10-06 01:51:40,-0.0,2.83,0.38,1.66,-0.1,2.24,0.36,-0.46
2015-10-06 01:51:50,-0.0,2.84,0.32,1.93,-0.2,2.16,0.34,-0.27
2015-10-06 01:52:00,-0.0,2.78,0.33,1.58,-0.1,2.05,0.32,-0.41
2015-10-06 01:52:10,-0.0,2.74,0.29,1.86,-0.2,1.99,0.24,-0.3
2015-10-06 01:52:20,-0.0,2.68,0.23,2.09,-0.2,1.95,0.28,-0.16
2015-10-06 01:52:30,-0.0,2.63,0.22,1.85,-0.2,1.9,0.22,-0.12
2015-10-06 01:52:40,-0.0,2.64,0.17,2.23,-0.2,1.83,0.17,-0.14
2015-10-06 01:52:50,-0.0,2.58,0.13,2.63,-0.2,1.68,0.12,-0.11
2015-10-06 01:53:00,-0.0,2.55,0.11,2.99,-0.2,1.63,0.1,-0.05
2015-10-06 01:53:10,-0.0,2.52,0.05,2.66,-0.3,1.53,0.06,-0.03
2015-10-06 01:53:20,-0.0,2.46,0.05,2.88,-0.2,1.54,0.03,-0.11
2015-10-06 01:53:30,-0.0,2.44,0.0,2.55,-0.3,1.39,-0.0,-0.07
2015-10-06 01:53:40,-0.0,2.41,-0.04,2.58,-0.3,1.31,-0.05,-0.11
2015-10-06 01:53:50,-0.0,2.38,-0.05,2.93,-0.3,1.24,-0.12,-0.03
2015-10-06 01:54:00,-0.0,2.35,-0.1,3.02,-0.3,1.19,-0.1,0.0
2015-10-06 01:54:10,-0.0,2.29,-0.12,2.99,-0.4,1.09,-0.13,0.02
2015-10-06 01:54:20,-0.0,2.26,-0.17,2.62,-0.3,1.1,-0.17,0.04
2015-10-06 01:54:30,-0.0,2.24,-0.19,2.92,-0.3,0.97,-0.19,-0.08
2015-10-06 01:54:40,-0.0,2.17,-0.25,2.59,-0.5,0.93,-0.25,0.01
2015-10-06 01:54:50,-0.0,2.14,-0.26,2.83,-0.4,0.87,-0.29,0.0
2015-10-06 01:55:00,-0.0,2.12,-0.29,3.68,-0.4,0.76,-0.28,-0.11
2015-10-06 01:55:10,-0.0,2.07,-0.32,2.95,-0.4,0.63,-0.33,-0.1
2015-10-06 01:55:20,-0.0,2.07,-0.36,2.83,-0.4,0.54,-0.39,0.06
2015-10-06 01:55:30,-1.0,2.02,-0.41,3.09,-0.5,0.5,-0.39,-0.08
2015-10-06 01:55:40,-1.0,2.0,-0.42,2.54,-0.5,0.45,-0.44,-0.08
2015-10-06 01:55:50,-1.0,1.95,-0.46,2.84,-0.6,0.33,-0.47,-0.09
2015-10-06 01:56:00,-1.0,1.94,-0.49,2.76,-0.5,0.24,-0.47,-0.09
2015-10-06 01:56:10,-1.0,1.89,-0.5,2.66,-0.6,0.22,-0.53,-0.23
2015-10-06 01:56:20,-1.0,1.87,-0.56,2.33,-0.6,0.14,-0.54,-0.16
2015-10-06 01:56:30,-1.0,1.84,-0.58,2.27,-0.7,-0.0,-0.57,-0.24
2015-10-06 01:56:40,-1.0,1.81,-0.62,2.12,-0.6,-0.09,-0.61,-0.13
2015-10-06 01:56:50,-1.0,1.76,-0.64,1.76,-0.7,-0.13,-0.61,-0.17
2015-10-06 01:57:00,-1.0,1.74,-0.66,1.65,-0.6,-0.22,-0.68,-0.26
2015-10-06 01:57:10,-1.0,1.7,-0.69,1.67,-0.7,-0.33,-0.7,-0.32
2015-10-06 01:57:20,-1.0,1.69,-0.7,1.29,-0.7,-0.35,-0.71,-0.37
2015-10-06 01:57:30,-1.0,1.66,-0.73,1.52,-0.7,-0.47,-0.7,-0.44
2015-10-06 01:57:40,-1.0,1.63,-0.77,1.3,-0.6,-0.53,-0.76,-0.5
2015-10-06 01:57:50,-1.0,1.6,-0.76,0.92,-0.7,-0.61,-0.78,-0.43
2015-10-06 01:58:00,-1.0,1.58,-0.78,0.78,-0.8,-0.66,-0.79,-0.53
2015-10-06 01:58:10,-1.0,1.53,-0.86,1.45,-0.7,-0.78,-0.82,-0.76
2015-10-06 01:58:20,-1.0,1.53,-0.86,0.51,-0.7,-0.89,-0.84,-0.65
2015-10-06 01:58:30,-1.0,1.47,-0.85,0.22,-0.8,-0.85,-0.87,-0.67
2015-10-06 01:58:40,-1.0,1.49,-0.87,-0.39,-0.8,-0.92,-0.88,-0.7
2015-10-06 01:58:50,-1.0,1.46,-0.89,0.33,-0.7,-1.06,-0.92,-0.74
2015-10-06 01:59:00,-1.0,1.42,-0.9,-0.25,-0.8,-1.17,-0.91,-0.79
2015-10-06 01:59:10,-1.0,1.4,-0.93,-0.43,-0.8,-1.24,-0.94,-0.86
2015-10-06 01:59:20,-1.0,1.39,-0.93,-0.94,-0.8,-1.26,-0.94,-1.03
2015-10-06 01:59:30,-1.0,1.36,-0.95,-0.84,-0.9,-1.37,-0.97,-0.89
2015-10-06 01:59:40,-1.0,1.33,-0.98,-1.13,-0.9,-1.45,-0.97,-0.94
2015-10-06 01:59:50,-1.0,1.31,-0.97,-1.56,-0.8,-1.53,-0.97,-1.03
2015-10-06 02:00:00,-1.0,1.3,-0.95,-1.47,-0.9,-1.63,-0.98,-1.16
2015-10-06 02:00:10,-1.0,1.29,-1.0,-2.0,-0.9,-1.67,-0.99,-1.17
2015-10-06 02:00:20,-1.0,1.29,-0.96,-1.72,-0.9,-1.75,-1.0,-1.21
2015-10-06 02:00:30,-1.0,1.24,-1.01,-1.89,-0.9,-1.82,-0.98,-1.19
2015-10-06 02:00:40,-1.0,1.23,-0.99,-1.73,-0.9,-1.85,-1.0,-1.35
2015-10-06 02:00:50,-1.0,1.19,-1.0,-2.81,-0.9,-1.93,-0.99,-1.28
2015-10-06 02:01:00,-1.0,1.19,-1.01,-2.87,-1.0,-2.05,-1.01,-1.43
2015-10-06 02:01:10,-1.0,1.18,-1.01,-2.11,-0.9,-2.07,-1.0,-1.34
2015-10-06 02:01:20,-1.0,1.18,-1.04,-2.76,-0.9,-2.16,-1.0,-1.48
2015-10-06 02:01:30,-1.0,1.16,-0.99,-3.37,-1.0,-2.23,-0.99,-1.54
2015-10-06 02:01:40,-1.0,1.14,-0.99,-3.24,-1.0,-2.28,-1.01,-1.63
2015-10-06 02:01:50,-1.0,1.1,-0.98,-3.47,-1.0,-2.45,-1.0,-1.69
2015-10-06 02:02:00,-1.0,1.12,-0.99,-3.63,-1.0,-2.44,-0.96,-1.56
2015-10-06 02:02:10,-1.0,1.1,-0.97,-3.86,-0.9,-2.55,-0.97,-1.8
2015-10-06 02:02:20,-1.0,1.07,-0.95,-4.44,-0.9,-2.57,-0.98,-1.8
2015-10-06 02:02:30,-1.0,1.06,-0.97,-4.39,-0.9,-2.65,-0.98,-1.83
2015-10-06 02:02:40,-1.0,1.04,-0.95,-4.6,-1.0,-2.68,-0.92,-1.73
2015-10-06 02:02:50,-1.0,1.04,-0.93,-3.94,-1.0,-2.79,-0.93,-1.84
2015-10-06 02:03:00,-1.0,1.06,-0.93,-4.74,-1.0,-2.88,-0.9,-1.85
2015-10-06 02:03:10,-1.0,1.02,-0.9,-4.98,-0.9,-2.89,-0.91,-1.99
2015-10-06 02:03:20,-1.0,1.04,-0.9,-5.1,-1.0,-2.97,-0.89,-1.9
2015-10-06 02:03:30,-1.0,1.03,-0.87,-4.58,-1.0,-3.07,-0.86,-1.85
2015-10-06 02:03:40,-1.0,1.01,-0.85,-4.81,-1.0,-3.07,-0.85,-1.97
2015-10-06 02:03:50,-1.0,1.01,-0.85,-4.73,-1.0,-3.17,-0.84,-1.96
2015-10-06 02:04:00,-1.0,0.98,-0.83,-4.87,-0.9,-3.26,-0.81,-1.93
2015-10-06 02:04:10,-1.0,0.99,-0.82,-5.29,-0.9,-3.35,-0.79,-2.04
2015-10-06 02:04:20,-1.0,1.0,-0.78,-5.58,-1.0,-3.36,-0.79,-2.03
2015-10-06 02:04:30,-1.0,1.03,-0.74,-5.26,-1.0,-3.4,-0.76,-2.09
2015-10-06 02:04:40,-1.0,0.99,-0.7,-4.96,-1.0,-3.45,-0.72,-1.99
2015-10-06 02:04:50,-1.0,1.01,-0.68,-4.77,-1.0,-3.55,-0.7,-2.21
2015-10-06 02:05:00,-1.0,1.01,-0.68,-4.96,-1.0,-3.6,-0.69,-2.04
2015-10-06 02:05:10,-1.0,0.99,-0.66,-4.72,-1.0,-3.59,-0.67,-1.93
2015-10-06 02:05:20,-1.0,1.02,-0.65,-5.08,-1.0,-3.64,-0.64,-1.94
2015-10-06 02:05:30,-1.0,1.02,-0.6,-5.02,-1.0,-3.75,-0.61,-2.0
2015-10-06 02:05:40,-1.0,1.0,-0.57,-4.93,-1.0,-3.8,-0.56,-2.01
2015-10-06 02:05:50,-1.0,0.99,-0.57,-5.12,-1.0,-3.86,-0.58,-1.9
2015-10-06 02:06:00,-1.0,0.99,-0.53,-4.91,-1.0,-3.87,-0.53,-1.88
2015-10-06 02:06:10,-1.0,1.05,-0.5,-4.87,-1.0,-3.91,-0.5,-1.83
2015-10-06 02:06:20,-1.0,1.03,-0.46,-4.6,-1.1,-4.02,-0.46,-1.97
2015-10-06 02:06:30,-1.0,1.04,-0.44,-4.57,-1.0,-4.07,-0.43,-1.9
2015-10-06 02:06:40,-1.0,1.07,-0.41,-3.99,-1.0,-4.07,-0.4,-1.81
2015-10-06 02:06:50,-1.0,1.05,-0.37,-4.18,-1.1,-4.12,-0.39,-1.88
2015-10-06 02:07:00,-1.0,1.07,-0.34,-4.79,-1.0,-4.17,-0.34,-1.78
2015-10-06 02:07:10,-1.0,1.06,-0.32,-4.17,-1.0,-4.18,-0.31,-1.66
2015-10-06 02:07:20,-1.0,1.06,-0.28,-3.46,-1.0,-4.31,-0.28,-1.83
2015-10-06 02:07:30,-1.0,1.08,-0.24,-3.95,-1.0,-4.32,-0.25,-1.66
2015-10-06 02:07:40,-1.0,1.11,-0.21,-3.63,-0.9,-4.32,-0.19,-1.69
2015-10-06 02:07:50,-1.0,1.1,-0.17,-3.08,-1.0,-4.33,-0.16,-1.59
2015-10-06 02:08:00,-1.0,1.11,-0.13,-3.29,-0.9,-4.38,-0.13,-1.65
2015-10-06 02:08:10,-1.0,1.14,-0.12,-3.38,-1.0,-4.47,-0.11,-1.59
2015-10-06 02:08:20,-1.0,1.15,-0.07,-2.98,-0.9,-4.48,-0.05,-1.45
2015-10-06 02:08:30,-1.0,1.19,-0.01,-2.72,-0.9,-4.51,-0.02,-1.5
2015-10-06 02:08:40,-1.0,1.2,0.0,-2.49,-0.9,-4.54,0.01,-1.23
2015-10-06 02:08:50,-1.0,1.19,0.03,-2.92,-0.9,-4.57,0.03,-1.33
2015-10-06 02:09:00,-1.0,1.2,0.09,-2.38,-0.9,-4.61,0.08,-1.28
2015-10-06 02:09:10,-1.0,1.23,0.11,-2.59,-0.9,-4.71,0.08,-1.29
2015-10-06 02:09:20,-1.0,1.25,0.14,-1.94,-0.9,-4.75,0.14,-1.2
2015-10-06 02:09:30,-1.0,1.26,0.18,-1.65,-0.9,-4.63,0.17,-1.1
2015-10-06 02:09:40,-1.0,1.28,0.22,-1.36,-0.9,-4.73,0.21,-1.04
2015-10-06 02:09:50,-1.0,1.32,0.26,-1.53,-0.9,-4.76,0.25,-1.02
2015-10-06 02:10:00,-1.0,1.31,0.27,-0.91,-0.9,-4.77,0.28,-1.12
2015-10-06 02:10:10,-1.0,1.37,0.33,-1.13,-0.8,-4.8,0.31,-1.16
2015-10-06 02:10:20,-1.0,1.35,0.35,-0.1,-0.9,-4.75,0.32,-0.98
2015-10-06 02:10:30,-1.0,1.39,0.36,-0.49,-0.8,-4.87,0.38,-0.83
2015-10-06 02:10:40,-1.0,1.43,0.41,-0.51,-0.8,-4.91,0.39,-0.77
2015-10-06 02:10:50,-1.0,1.44,0.45,0.25,-0.8,-4.81,0.43,-0.8
2015-10-06 02:11:00,-1.0,1.45,0.46,0.66,-0.8,-4.9,0.47,-0.73
2015-10-06 02:11:10,-1.0,1.5,0.48,0.12,-0.7,-4.91,0.51,-0.8
2015-10-06 02:11:20,-1.0,1.51,0.52,0.36,-0.7,-4.91,0.53,-0.66
2015-10-06 02:11:30,-1.0,1.54,0.53,0.42,-0.8,-4.86,0.56,-0.73
2015-10-06 02:11:40,-1.0,1.59,0.58,0.5,-0.7,-4.93,0.58,-0.6
2015-10-06 02:11:50,-1.0,1.59,0.59,1.01,-0.7,-4.98,0.6,-0.66
2015-10-06 02:12:00,-1.0,1.66,0.65,1.23,-0.7,-5.01,0.62,-0.34
2015-10-06 02:12:10,-1.0,1.64,0.67,1.68,-0.7,-4.99,0.66,-0.41
2015-10-06 02:12:20,-1.0,1.67,0.67,1.46,-0.7,-4.95,0.71,-0.4
2015-10-06 02:12:30,-1.0,1.7,0.71,1.45,-0.7,-5.0,0.72,-0.33
2015-10-06 02:12:40,-1.0,1.73,0.69,1.92,-0.6,-5.01,0.73,-0.29
2015-10-06 02:12:50,-1.0,1.74,0.77,2.09,-0.6,-4.98,0.76,-0.23
2015-10-06 02:13:00,-1.0,1.79,0.8,1.98,-0.6,-5.0,0.78,-0.28
2015-10-06 02:13:10,-1.0,1.81,0.81,2.05,-0.6,-5.04,0.82,-0.25
2015-10-06 02:13:20,-1.0,1.87,0.83,2.14,-0.6,-5.01,0.84,-0.18
2015-10-06 02:13:30,-1.0,1.89,0.83,2.72,-0.5,-4.96,0.85,-0.14
2015-10-06 02:13:40,-1.0,1.9,0.86,2.07,-0.5,-5.01,0.84,-0.14
2015-10-06 02:13:50,-1.0,1.96,0.87,2.25,-0.6,-4.97,0.9,-0.04
2015-10-06 02:14:00,-1.0,1.98,0.89,2.61,-0.5,-5.05,0.9,-0.06
2015-10-06 02:14:10,-0.0,2.0,0.91,2.82,-0.5,-4.93,0.9,-0.12
2015-10-06 02:14:20,-1.0,2.03,0.92,2.79,-0.5,-4.95,0.92,0.02
2015-10-06 02:14:30,-0.0,2.07,0.94,2.67,-0.5,-4.96,0.93,0.01
2015-10-06 02:14:40,-0.0,2.11,0.93,3.21,-0.4,-4.93,0.95,-0.05
2015-10-06 02:14:50,-0.0,2.14,0.96,2.74,-0.5,-4.97,0.98,-0.0
2015-10-06 02:15:00,-0.0,2.17,0.97,2.76,-0.4,-4.98,0.99,0.01
2015-10-06 02:15:10,-0.0,2.23,0.96,2.78,-0.4,-4.93,0.97,0.0
2015-10-06 02:15:20,-0.0,2.24,0.96,3.0,-0.3,-4.93,0.98,-0.03
2015-10-06 02:15:30,-0.0,2.29,0.97,3.11,-0.4,-4.94,0.99,0.1
2015-10-06 02:15:40,-0.0,2.3,1.0,2.81,-0.3,-4.87,0.99,0.08
2015-10-06 02:15:50,-0.0,2.35,1.0,3.16,-0.4,-4.9,1.0,-0.02
2015-10-06 02:16:00,-0.0,2.37,1.03,2.7,-0.3,-4.77,1.0,0.01
2015-10-06 02:16:10,-0.0,2.43,1.0,2.98,-0.3,-4.84,0.99,-0.08
2015-10-06 02:16:20,-0.0,2.45,1.0,2.84,-0.2,-4.83,1.01,-0.15
2015-10-06 02:16:30,-0.0,2.5,0.99,2.86,-0.2,-4.76,1.02,-0.03
2015-10-06 02:16:40,-0.0,2.53,0.99,2.48,-0.2,-4.72,0.99,-0.02
2015-10-06 02:16:50,-0.0,2.57,1.0,2.63,-0.2,-4.65,1.0,-0.1
2015-10-06 02:17:00,-0.0,2.6,0.98,2.28,-0.2,-4.74,1.0,-0.17
2015-10-06 02:17:10,-0.0,2.63,0.99,2.26,-0.2,-4.69,0.97,-0.17
2015-10-06 02:17:20,-0.0,2.65,0.97,2.32,-0.1,-4.64,0.95,-0.17
2015-10-06 02:17:30,-0.0,2.69,0.97,2.52,-0.1,-4.59,0.96,0.01
2015-10-06 02:17:40,-0.0,2.74,0.96,2.2,-0.1,-4.61,0.94,-0.38
2015-10-06 02:17:50,-0.0,2.8,0.95,1.65,-0.1,-4.47,0.97,-0.4
2015-10-06 02:18:00,-0.0,2.84,0.95,1.54,-0.1,-4.43,0.93,-0.32
2015-10-06 02:18:10,-0.0,2.87,0.91,1.8,-0.1,-4.47,0.9,-0.23
2015-10-06 02:18:20,-0.0,2.88,0.89,1.09,-0.0,-4.44,0.91,-0.39
2015-10-06 02:18:30,-0.0,2.95,0.89,1.06,-0.0,-4.42,0.86,-0.41
2015-10-06 02:18:40,-0.0,2.98,0.89,1.02,-0.0,-4.33,0.86,-0.54
2015-10-06 02:18:50,0.0,3.03,0.86,0.77,-0.0,-4.26,0.85,-0.59
2015-10-06 02:19:00,-0.0,3.06,0.85,1.17,0.0,-4.21,0.83,-0.5
2015-10-06 02:19:10,0.0,3.1,0.81,0.42,0.0,-4.26,0.83,-0.65
2015-10-06 02:19:20,0.0,3.15,0.79,0.27,0.1,-4.22,0.8,-0.67
2015-10-06 02:19:30,0.0,3.16,0.78,-0.35,0.1,-4.1,0.77,-0.8
2015-10-06 02:19:40,0.0,3.21,0.73,-0.09,0.1,-4.03,0.75,-0.8
2015-10-06 02:19:50,0.0,3.23,0.73,-0.48,0.1,-4.04,0.74,-0.85
2015-10-06 02:20:00,0.0,3.29,0.7,-0.31,0.1,-3.93,0.74,-0.82
2015-10-06 02:20:10,0.0,3.31,0.66,-0.92,0.2,-3.96,0.69,-0.82
2015-10-06 02:20:20,0.0,3.35,0.67,-0.69,0.1,-3.86,0.66,-0.83
2015-10-06 02:20:30,0.0,3.4,0.62,-0.8,0.2,-3.92,0.64,-1.09
2015-10-06 02:20:40,0.0,3.45,0.63,-0.98,0.2,-3.82,0.62,-0.98
2015-10-06 02:20:50,0.0,3.48,0.59,-1.49,0.2,-3.75,0.58,-1.02
2015-10-06 02:21:00,0.0,3.5,0.53,-1.57,0.2,-3.74,0.55,-1.19
2015-10-06 02:21:10,0.0,3.55,0.53,-1.78,0.2,-3.66,0.51,-1.11
2015-10-06 02:21:20,0.0,3.57,0.49,-1.94,0.3,-3.63,0.49,-1.32
2015-10-06 02:21:30,0.0,3.62,0.48,-2.36,0.3,-3.48,0.46,-1.3
2015-10-06 02:21:40,0.0,3.66,0.43,-2.23,0.3,-3.44,0.42,-1.36
2015-10-06 02:21:50,0.0,3.69,0.39,-2.94,0.4,-3.38,0.4,-1.38
2015-10-06 02:22:00,0.0,3.74,0.36,-3.1,0.4,-3.38,0.36,-1.36
2015-10-06 02:22:10,0.0,3.76,0.37,-3.18,0.4,-3.29,0.34,-1.55
2015-10-06 02:22:20,0.0,3.8,0.28,-2.83,0.4,-3.29,0.3,-1.61
2015-10-06 02:22:30,0.0,3.83,0.27,-2.94,0.5,-3.2,0.26,-1.57
2015-10-06 02:22:40,0.0,3.86,0.23,-3.45,0.5,-3.12,0.2,-1.58
2015-10-06 02:22:50,0.0,3.87,0.18,-3.62,0.5,-3.08,0.22,-1.75
2015-10-06 02:23:00,1.0,3.91,0.15,-3.63,0.5,-3.03,0.19,-1.75
2015-10-06 02:23:10,1.0,3.96,0.14,-3.64,0.4,-2.89,0.15,-1.68
2015-10-06 02:23:20,0.0,4.0,0.1,-3.66,0.5,-2.81,0.1,-1.75
2015-10-06 02:23:30,1.0,4.03,0.06,-3.79,0.5,-2.8,0.06,-1.72
2015-10-06 02:23:40,1.0,4.06,0.03,-4.71,0.5,-2.83,0.02,-1.85
2015-10-06 02:23:50,0.0,4.1,-0.02,-4.34,0.6,-2.69,-0.0,-1.92
2015-10-06 02:24:00,1.0,4.1,-0.04,-4.47,0.5,-2.66,-0.02,-1.89
2015-10-06 02:24:10,1.0,4.13,-0.08,-4.66,0.6,-2.58,-0.06,-1.82
2015-10-06 02:24:20,1.0,4.2,-0.09,-4.5,0.6,-2.47,-0.11,-1.85
2015-10-06 02:24:30,1.0,4.21,-0.15,-4.82,0.6,-2.45,-0.13,-1.95
2015-10-06 02:24:40,1.0,4.22,-0.19,-4.53,0.7,-2.33,-0.18,-1.92
2015-10-06 02:24:50,1.0,4.28,-0.2,-5.18,0.7,-2.23,-0.19,-1.99
2015-10-06 02:25:00,1.0,4.3,-0.26,-4.92,0.7,-2.25,-0.25,-2.01
2015-10-06 02:25:10,1.0,4.31,-0.27,-5.33,0.6,-2.17,-0.27,-2.03
2015-10-06 02:25:20,1.0,4.35,-0.31,-5.26,0.7,-2.06,-0.35,-1.96
2015-10-06 02:25:30,1.0,4.36,-0.36,-5.4,0.7,-2.01,-0.35,-1.95
2015-10-06 02:25:40,1.0,4.4,-0.42,-5.03,0.7,-1.98,-0.37,-2.12
2015-10-06 02:25:50,1.0,4.42,-0.4,-5.29,0.7,-1.89,-0.43,-2.0
2015-10-06 02:26:00,1.0,4.45,-0.42,-5.1,0.7,-1.77,-0.46,-2.06
2015-10-06 02:26:10,1.0,4.49,-0.45,-4.91,0.8,-1.63,-0.46,-1.99
2015-10-06 02:26:20,1.0,4.5,-0.49,-4.99,0.8,-1.61,-0.55,-2.1
2015-10-06 02:26:30,1.0,4.55,-0.54,-4.62,0.8,-1.56,-0.53,-2.02
2015-10-06 02:26:40,1.0,4.55,-0.54,-5.13,0.8,-1.5,-0.59,-1.95
2015-10-06 02:26:50,1.0,4.58,-0.59,-5.09,0.8,-1.46,-0.58,-2.01
2015-10-06 02:27:00,1.0,4.62,-0.62,-5.17,0.8,-1.35,-0.61,-1.89
2015-10-06 02:27:10,1.0,4.63,-0.66,-4.69,0.8,-1.24,-0.65,-1.87
2015-10-06 02:27:20,1.0,4.65,-0.66,-4.73,0.8,-1.15,-0.66,-1.92
2015-10-06 02:27:30,1.0,4.68,-0.7,-4.41,0.8,-1.06,-0.69,-1.91
2015-10-06 02:27:40,1.0,4.69,-0.74,-4.6,0.8,-0.99,-0.72,-1.76
2015-10-06 02:27:50,1.0,4.71,-0.78,-3.92,0.9,-0.98,-0.74,-1.7
2015-10-06 02:28:00,1.0,4.75,-0.76,-4.24,0.8,-0.9,-0.75,-1.68
2015-10-06 02:28:10,1.0,4.74,-0.78,-4.22,0.9,-0.8,-0.79,-1.82
2015-10-06 02:28:20,1.0,4.77,-0.83,-3.79,0.9,-0.77,-0.83,-1.65
2015-10-06 02:28:30,1.0,4.78,-0.85,-4.02,0.9,-0.62,-0.81,-1.66
2015-10-06 02:28:40,1.0,4.79,-0.87,-3.83,0.9,-0.58,-0.83,-1.66
2015-10-06 02:28:50,1.0,4.82,-0.88,-3.16,0.9,-0.57,-0.86,-1.64
2015-10-06 02:29:00,1.0,4.81,-0.87,-3.23,0.9,-0.43,-0.87,-1.56
2015-10-06 02:29:10,1.0,4.84,-0.88,-2.49,0.9,-0.31,-0.89,-1.5
2015-10-06 02:29:20,1.0,4.86,-0.9,-3.05,0.9,-0.23,-0.91,-1.49
2015-10-06 02:29:30,1.0,4.87,-0.9,-2.59,0.9,-0.2,-0.94,-1.34
2015-10-06 02:29:40,1.0,4.88,-0.94,-2.48,1.0,-0.07,-0.94,-1.35
2015-10-06 02:29:50,1.0,4.9,-0.94,-2.71,0.9,0.04,-0.94,-1.38
2015-10-06 02:30:00,1.0,4.91,-0.98,-2.11,1.0,0.16,-0.98,-1.26
2015-10-06 02:30:10,1.0,4.9,-0.98,-2.26,1.0,0.13,-0.97,-1.21
2015-10-06 02:30:20,1.0,4.94,-0.99,-1.8,1.0,0.21,-0.98,-1.21
2015-10-06 02:30:30,1.0,4.97,-0.98,-1.26,0.9,0.35,-0.98,-1.08
2015-10-06 02:30:40,1.0,4.96,-0.96,-1.06,1.0,0.42,-0.99,-1.06
2015-10-06 02:30:50,1.0,4.98,-0.99,-1.28,0.9,0.48,-0.94,-1.03
2015-10-06 02:31:00,1.0,4.97,-1.01,-1.66,1.0,0.47,-1.01,-0.91
2015-10-06 02:31:10,1.0,4.97,-0.99,-0.57,0.9,0.66,-0.98,-0.8
2015-10-06 02:31:20,1.0,4.99,-1.02,-0.85,1.0,0.68,-1.02,-0.92
2015-10-06 02:31:30,1.0,4.99,-1.02,-0.34,1.1,0.75,-0.99,-0.8
2015-10-06 02:31:40,1.0,5.02,-0.99,0.0,1.0,0.9,-0.98,-0.7
2015-10-06 02:31:50,1.0,5.01,-1.0,0.11,1.0,0.87,-0.98,-0.76
2015-10-06 02:32:00,1.0,5.0,-1.01,0.77,1.0,1.01,-0.99,-0.59
2015-10-06 02:32:10,1.0,4.99,-1.0,0.87,1.0,1.1,-0.98,-0.68
2015-10-06 02:32:20,1.0,4.99,-0.98,0.93,1.0,1.2,-0.99,-0.55
2015-10-06 02:32:30,1.0,4.98,-0.94,0.92,1.0,1.22,-0.98,-0.47
2015-10-06 02:32:40,1.0,5.03,-0.95,1.39,0.9,1.27,-0.94,-0.48
2015-10-06 02:32:50,1.0,5.02,-0.95,1.13,1.0,1.39,-0.94,-0.53
2015-10-06 02:33:00,1.0,5.01,-0.95,1.6,1.0,1.5,-0.95,-0.43
2015-10-06 02:33:10,1.0,5.01,-0.94,1.48,1.0,1.53,-0.91,-0.46
2015-10-06 02:33:20,1.0,5.01,-0.93,1.74,1.0,1.57,-0.92,-0.34
2015-10-06 02:33:30,1.0,5.0,-0.91,1.99,1.0,1.69,-0.92,-0.38
2015-10-06 02:33:40,1.0,5.02,-0.89,1.89,1.0,1.73,-0.89,-0.22
2015-10-06 02:33:50,1.0,4.97,-0.87,1.77,1.0,1.88,-0.87,-0.18
2015-10-06 02:34:00,1.0,4.99,-0.87,2.16,1.0,1.84,-0.87,-0.21
2015-10-06 02:34:10,1.0,4.95,-0.82,2.77,1.0,1.95,-0.83,-0.15
2015-10-06 02:34:20,1.0,4.97,-0.81,2.41,1.0,2.04,-0.82,-0.19
2015-10-06 02:34:30,1.0,4.97,-0.78,2.9,1.0,2.11,-0.8,-0.11
2015-10-06 02:34:40,1.0,4.91,-0.78,2.73,0.9,2.2,-0.76,-0.2
2015-10-06 02:34:50,1.0,4.96,-0.75,2.27,0.9,2.24,-0.78,-0.01
2015-10-06 02:35:00,1.0,4.93,-0.71,2.27,0.9,2.3,-0.72,-0.06
2015-10-06 02:35:10,1.0,4.91,-0.71,3.05,0.9,2.39,-0.71,0.12
2015-10-06 02:35:20,1.0,4.93,-0.67,3.08,1.0,2.49,-0.66,-0.02
2015-10-06 02:35:30,1.0,4.87,-0.67,3.01,0.9,2.53,-0.66,0.07
2015-10-06 02:35:40,1.0,4.87,-0.6,3.47,0.9,2.64,-0.62,-0.02
2015-10-06 02:35:50,1.0,4.86,-0.6,3.06,0.9,2.64,-0.6,-0.02
2015-10-06 02:36:00,1.0,4.86,-0.54,3.16,0.9,2.75,-0.57,0.08
2015-10-06 02:36:10,1.0,4.82,-0.57,2.63,0.9,2.8,-0.54,-0.01
2015-10-06 02:36:20,1.0,4.82,-0.53,3.26,0.9,2.94,-0.51,0.04
2015-10-06 02:36:30,1.0,4.83,-0.49,3.14,0.9,2.96,-0.47,0.05
2015-10-06 02:36:40,1.0,4.81,-0.46,2.83,0.9,3.02,-0.46,-0.05
2015-10-06 02:36:50,1.0,4.78,-0.42,2.53,1.0,3.12,-0.42,0.08
2015-10-06 02:37:00,1.0,4.77,-0.4,2.88,0.9,3.05,-0.39,-0.03
2015-10-06 02:37:10,1.0,4.73,-0.36,2.99,0.9,3.23,-0.35,-0.09
2015-10-06 02:37:20,1.0,4.72,-0.31,2.05,0.8,3.27,-0.33,-0.01
2015-10-06 02:37:30,1.0,4.7,-0.29,3.16,0.8,3.31,-0.26,0.01
2015-10-06 02:37:40,1.0,4.68,-0.27,2.67,0.8,3.38,-0.27,-0.1
2015-10-06 02:37:50,1.0,4.65,-0.23,2.01,0.8,3.37,-0.23,-0.12
2015-10-06 02:38:00,1.0,4.65,-0.17,2.42,0.8,3.39,-0.2,-0.22
2015-10-06 02:38:10,1.0,4.63,-0.15,2.6,0.8,3.58,-0.16,-0.31
2015-10-06 02:38:20,1.0,4.64,-0.15,1.92,0.8,3.62,-0.12,-0.15
2015-10-06 02:38:30,1.0,4.57,-0.09,1.98,0.8,3.6,-0.07,-0.27
2015-10-06 02:38:40,1.0,4.54,-0.06,1.76,0.8,3.71,-0.07,-0.29
2015-10-06 02:38:50,1.0,4.53,-0.03,1.64,0.8,3.73,-0.03,-0.28
2015-10-06 02:39:00,1.0,4.5,0.03,1.33,0.8,3.83,0.0,-0.41
2015-10-06 02:39:10,1.0,4.48,0.08,1.14,0.7,3.84,0.05,-0.36
2015-10-06 02:39:20,1.0,4.46,0.07,1.39,0.7,3.91,0.1,-0.56
2015-10-06 02:39:30,1.0,4.42,0.09,1.06,0.7,3.88,0.12,-0.42
2015-10-06 02:39:40,1.0,4.4,0.16,1.16,0.6,3.99,0.14,-0.43
2015-10-06 02:39:50,1.0,4.38,0.17,0.82,0.7,4.08,0.16,-0.55
2015-10-06 02:40:00,1.0,4.36,0.22,0.42,0.7,4.1,0.22,-0.64
2015-10-06 02:40:10,1.0,4.32,0.25,0.13,0.6,4.18,0.27,-0.55
2015-10-06 02:40:20,1.0,4.27,0.27,-0.02,0.6,4.16,0.3,-0.61
2015-10-06 02:40:30,1.0,4.26,0.33,-0.11,0.6,4.18,0.32,-0.73
2015-10-06 02:40:40,1.0,4.23,0.34,-0.42,0.6,4.21,0.34,-0.8
2015-10-06 02:40:50,1.0,4.19,0.39,-0.94,0.6,4.31,0.37,-0.86
2015-10-06 02:41:00,1.0,4.17,0.43,-0.36,0.6,4.3,0.44,-0.88
2015-10-06 02:41:10,1.0,4.14,0.47,-1.13,0.5,4.41,0.43,-1.0
2015-10-06 02:41:20,1.0,4.12,0.47,-1.29,0.5,4.43,0.48,-1.16
2015-10-06 02:41:30,1.0,4.09,0.51,-1.54,0.6,4.42,0.5,-1.0
2015-10-06 02:41:40,1.0,4.03,0.52,-1.35,0.4,4.49,0.53,-1.08
2015-10-06 02:41:50,1.0,4.04,0.56,-1.41,0.6,4.53,0.55,-1.19
2015-10-06 02:42:00,0.0,3.97,0.59,-1.9,0.5,4.54,0.6,-1.28
2015-10-06 02:42:10,0.0,3.93,0.64,-2.33,0.5,4.52,0.62,-1.32
2015-10-06 02:42:20,0.0,3.93,0.64,-2.27,0.4,4.58,0.65,-1.33
2015-10-06 02:42:30,1.0,3.87,0.69,-2.58,0.4,4.63,0.68,-1.36
2015-10-06 02:42:40,0.0,3.82,0.69,-2.82,0.4,4.7,0.68,-1.37
2015-10-06 02:42:50,0.0,3.82,0.71,-2.61,0.4,4.66,0.71,-1.43
2015-10-06 02:43:00,0.0,3.78,0.77,-2.79,0.4,4.72,0.75,-1.46
2015-10-06 02:43:10,0.0,3.78,0.74,-3.38,0.4,4.77,0.75,-1.55
2015-10-06 02:43:20,0.0,3.7,0.8,-3.55,0.3,4.8,0.79,-1.54
2015-10-06 02:43:30,0.0,3.65,0.8,-3.27,0.3,4.76,0.8,-1.59
2015-10-06 02:43:40,0.0,3.63,0.81,-3.26,0.4,4.76,0.83,-1.67
2015-10-06 02:43:50,0.0,3.59,0.85,-3.72,0.3,4.88,0.85,-1.68
2015-10-06 02:44:00,0.0,3.55,0.87,-3.42,0.3,4.85,0.85,-1.76
2015-10-06 02:44:10,0.0,3.53,0.91,-4.07,0.3,4.93,0.88,-1.77
2015-10-06 02:44:20,0.0,3.48,0.92,-4.22,0.2,4.88,0.91,-1.97
2015-10-06 02:44:30,0.0,3.48,0.91,-4.1,0.2,4.92,0.92,-1.83
2015-10-06 02:44:40,0.0,3.41,0.93,-4.97,0.2,4.93,0.95,-1.86
2015-10-06 02:44:50,0.0,3.38,0.93,-4.39,0.2,4.94,0.94,-1.8
2015-10-06 02:45:00,0.0,3.33,0.96,-4.71,0.1,4.98,0.97,-1.86
2015-10-06 02:45:10,0.0,3.31,0.96,-4.62,0.1,5.01,0.95,-1.9
2015-10-06 02:45:20,0.0,3.22,0.97,-4.69,0.1,5.0,0.96,-2.01
2015-10-06 02:45:30,0.0,3.2,0.95,-4.57,0.1,5.02,0.97,-1.77
2015-10-06 02:45:40,0.0,3.19,0.98,-5.16,0.0,4.93,0.97,-1.99
2015-10-06 02:45:50,0.0,3.15,1.01,-4.73,0.0,4.94,1.01,-1.94
2015-10-06 02:46:00,0.0,3.11,0.99,-4.62,0.1,4.96,0.98,-1.93
2015-10-06 02:46:10,0.0,3.06,1.0,-5.0,0.0,4.98,1.01,-2.11
2015-10-06 02:46:20,0.0,3.05,1.03,-5.13,0.0,5.04,1.0,-1.95
2015-10-06 02:46:30,-0.0,3.01,1.02,-4.72,0.0,5.04,0.98,-2.04
